0.0120711 0.0100203 -0.0429227 0  0  -0.0429227  
0.0120337 0.0100197 -0.0429298 0  0  -0.0429227  
0.0120299 0.0100385 -0.042922 0  0  -0.0429227  
0.0120357 0.0100442 -0.0429307 0  0  -0.0429227  
0.012043 0.0100351 -0.0429322 0  0  -0.0429227  
0.0120462 0.0100275 -0.0429281 0  0  -0.0429227  
0.0120509 0.010025 -0.0429241 0  0  -0.0429227  
0.0120461 0.0100545 -0.0429096 0  0  -0.0429227  
0.0120569 0.0100613 -0.0429207 0  0  -0.0429227  
0.0120698 0.0100468 -0.0429321 0  0  -0.0429227  
0.0120704 0.0100418 -0.0429279 0  0  -0.0429227  
0.0120678 0.0100258 -0.0429343 0  0  -0.0429227  
0.0120628 0.010021 -0.0429309 0  0  -0.0429227  
0.0120563 0.0100245 -0.0429263 0  0  -0.0429227  
0.0120508 0.0100175 -0.0429293 0  0  -0.0429227  
0.0120576 0.0100101 -0.0429255 0  0  -0.0429227  
0.0120699 0.00999256 -0.0429252 0  0  -0.0429227  
0.0120541 0.0100077 -0.0429413 0  0  -0.0429227  
0.0120575 0.010015 -0.0429552 0  0  -0.0429227  
0.0120426 0.00998241 -0.0429591 0  0  -0.0429227  
0.0120367 0.00995745 -0.0429602 0  0  -0.0429227  
0.0120352 0.00995514 -0.042958 0  0  -0.0429227  
0.0120275 0.00995922 -0.0429523 0  0  -0.0429227  
0.0120277 0.00995605 -0.0429417 0  0  -0.0429227  
0.012023 0.00995173 -0.0429447 0  0  -0.0429227  
0.0120114 0.00996141 -0.0429579 0  0  -0.0429227  
0.0120015 0.00996471 -0.0429701 0  0  -0.0429227  
0.0120054 0.00996486 -0.0429799 0  0  -0.0429227  
0.0120114 0.00996533 -0.0429897 0  0  -0.0429227  
0.0120101 0.00995694 -0.0429983 0  0  -0.0429227  
0.0120059 0.00994897 -0.0430024 0  0  -0.0429227  
0.0120165 0.00995456 -0.0429954 0  0  -0.0429227  
0.0120249 0.00998249 -0.042988 0  0  -0.0429227  
0.0120259 0.009985 -0.0430018 0  0  -0.0429227  
0.01203 0.00996853 -0.0430086 0  0  -0.0429227  
0.0120334 0.00997551 -0.0430045 0  0  -0.0429227  
0.012049 0.00999052 -0.0429955 0  0  -0.0429227  
0.0120577 0.00999626 -0.042999 0  0  -0.0429227  
0.0120424 0.00999952 -0.0429961 0  0  -0.0429227  
0.012038 0.00998952 -0.0429918 0  0  -0.0429227  
0.0120456 0.00999135 -0.0430144 0  0  -0.0429227  
0.0120437 0.0100061 -0.0430141 0  0  -0.0429227  
0.0120494 0.0100187 -0.0430142 0  0  -0.0429227  
0.0120445 0.0100347 -0.0430276 0  0  -0.0429227  
0.0120371 0.0100407 -0.0430336 0  0  -0.0429227  
0.0120464 0.0100368 -0.0430319 0  0  -0.0429227  
0.0120489 0.0100306 -0.0430268 0  0  -0.0429227  
0.0120438 0.0100161 -0.0430087 0  0  -0.0429227  
0.0120251 0.0100089 -0.0430057 0  0  -0.0429227  
0.0120284 0.0100212 -0.0430248 0  0  -0.0429227  
0.0120282 0.0100163 -0.0430164 0  0  -0.0429227  
0.0120483 0.0100158 -0.042979 0  0  -0.0429227  
0.0120615 0.0100251 -0.0429838 0  0  -0.0429227  
0.0120589 0.0100274 -0.0430176 0  0  -0.0429227  
0.012053 0.0100329 -0.0430258 0  0  -0.0429227  
0.0120648 0.0100242 -0.043003 0  0  -0.0429227  
0.0120617 0.0100063 -0.043002 0  0  -0.0429227  
0.0120504 0.0100067 -0.0430216 0  0  -0.0429227  
0.0120502 0.0100044 -0.0430408 0  0  -0.0429227  
0.0120416 0.00999535 -0.0430373 0  0  -0.0429227  
0.0120504 0.00998321 -0.0430367 0  0  -0.0429227  
0.0120628 0.0099846 -0.0430522 0  0  -0.0429227  
0.0120583 0.00998687 -0.0430594 0  0  -0.0429227  
0.012058 0.00998745 -0.043037 0  0  -0.0429227  
0.0120697 0.00998757 -0.0430131 0  0  -0.0429227  
0.0120775 0.0099753 -0.0430125 0  0  -0.0429227  
0.0120661 0.00996718 -0.0430397 0  0  -0.0429227  
0.0120647 0.00996978 -0.0430353 0  0  -0.0429227  
0.0120808 0.00997054 -0.0430318 0  0  -0.0429227  
0.0120923 0.00996625 -0.0430408 0  0  -0.0429227  
0.0120951 0.00996776 -0.0430367 0  0  -0.0429227  
0.0120961 0.00998977 -0.0430545 0  0  -0.0429227  
0.0121069 0.00998856 -0.0430646 0  0  -0.0429227  
0.0121126 0.0099872 -0.0430521 0  0  -0.0429227  
0.0121066 0.00998728 -0.0430358 0  0  -0.0429227  
0.0121026 0.00998321 -0.0430505 0  0  -0.0429227  
0.0120972 0.00998954 -0.0430651 0  0  -0.0429227  
0.0120848 0.00998376 -0.0430592 0  0  -0.0429227  
0.0120744 0.00996859 -0.043043 0  0  -0.0429227  
0.0120832 0.00996957 -0.0430529 0  0  -0.0429227  
0.0120881 0.00996424 -0.043051 0  0  -0.0429227  
0.0121026 0.00996896 -0.0430612 0  0  -0.0429227  
0.0121168 0.00997045 -0.043065 0  0  -0.0429227  
0.0121116 0.00997338 -0.0430477 0  0  -0.0429227  
0.0121021 0.00998138 -0.0430429 0  0  -0.0429227  
0.012102 0.00997545 -0.0430365 0  0  -0.0429227  
0.0120944 0.00999071 -0.04307 0  0  -0.0429227  
0.0120925 0.0099881 -0.0430688 0  0  -0.0429227  
0.0120944 0.00997497 -0.0430488 0  0  -0.0429227  
0.0121144 0.0099738 -0.0430338 0  0  -0.0429227  
0.0121249 0.00997198 -0.0430535 0  0  -0.0429227  
0.0121196 0.00998524 -0.043069 0  0  -0.0429227  
0.0121132 0.00999062 -0.0430835 0  0  -0.0429227  
0.0121144 0.00999148 -0.0430888 0  0  -0.0429227  
0.01212 0.0099811 -0.0430818 0  0  -0.0429227  
0.0121302 0.00998629 -0.0430694 0  0  -0.0429227  
0.0121392 0.00996856 -0.0430615 0  0  -0.0429227  
0.0121402 0.00997259 -0.0430849 0  0  -0.0429227  
0.0121476 0.00998252 -0.0430723 0  0  -0.0429227  
0.012154 0.00999407 -0.0430767 0  0  -0.0429227  
0.0121438 0.00998709 -0.0430795 0  0  -0.0429227  
0.0121561 0.00998624 -0.0430854 0  0  -0.0429227  
0.0121344 0.00999132 -0.0430853 0  0  -0.0429227  
0.0121124 0.0100056 -0.0431064 0  0  -0.0429227  
0.0121124 0.0100043 -0.0431011 0  0  -0.0429227  
0.0121334 0.00999899 -0.0430937 0  0  -0.0429227  
0.0121415 0.0100197 -0.0430863 0  0  -0.0429227  
0.0121222 0.0100311 -0.0430746 0  0  -0.0429227  
0.0121097 0.0100361 -0.0430675 0  0  -0.0429227  
0.0121179 0.0100159 -0.0430586 0  0  -0.0429227  
0.0121231 0.0100147 -0.0430556 0  0  -0.0429227  
0.0121225 0.0100309 -0.0430533 0  0  -0.0429227  
0.012122 0.0100434 -0.0430371 0  0  -0.0429227  
0.0121235 0.01005 -0.0430371 0  0  -0.0429227  
0.0121279 0.0100519 -0.0430405 0  0  -0.0429227  
0.0121392 0.010044 -0.0430453 0  0  -0.0429227  
0.0121554 0.0100411 -0.0430492 0  0  -0.0429227  
0.0121518 0.0100469 -0.0430383 0  0  -0.0429227  
0.0121358 0.0100483 -0.0430492 0  0  -0.0429227  
0.0121484 0.010041 -0.0430488 0  0  -0.0429227  
0.0121589 0.010041 -0.0430493 0  0  -0.0429227  
0.0121733 0.0100274 -0.0430511 0  0  -0.0429227  
0.0121735 0.0100149 -0.0430353 0  0  -0.0429227  
0.0121549 0.0100196 -0.043029 0  0  -0.0429227  
0.0121465 0.0100178 -0.0430116 0  0  -0.0429227  
0.0121408 0.0100381 -0.0430238 0  0  -0.0429227  
0.0121362 0.010053 -0.0430287 0  0  -0.0429227  
0.0121505 0.0100427 -0.0430284 0  0  -0.0429227  
0.0121575 0.0100502 -0.0430137 0  0  -0.0429227  
0.0121455 0.0100564 -0.043013 0  0  -0.0429227  
0.0121546 0.0100676 -0.0430271 0  0  -0.0429227  
0.0121394 0.0100483 -0.043017 0  0  -0.0429227  
0.012131 0.0100417 -0.043005 0  0  -0.0429227  
0.0121291 0.0100372 -0.0430039 0  0  -0.0429227  
0.0121429 0.0100394 -0.0430119 0  0  -0.0429227  
0.0121583 0.010034 -0.0430116 0  0  -0.0429227  
0.0121597 0.0100126 -0.0429959 0  0  -0.0429227  
0.0121434 0.0100124 -0.0429888 0  0  -0.0429227  
0.0121437 0.0100304 -0.0430066 0  0  -0.0429227  
0.0121531 0.0100399 -0.0430048 0  0  -0.0429227  
0.0121254 0.0100367 -0.0430056 0  0  -0.0429227  
0.0121176 0.0100327 -0.0430106 0  0  -0.0429227  
0.0121278 0.0100425 -0.0430396 0  0  -0.0429227  
0.0121249 0.0100531 -0.0430309 0  0  -0.0429227  
0.0121188 0.0100556 -0.0430103 0  0  -0.0429227  
0.012144 0.0100505 -0.0430031 0  0  -0.0429227  
0.0121437 0.0100324 -0.0430032 0  0  -0.0429227  
0.0121352 0.0100178 -0.0430083 0  0  -0.0429227  
0.0121261 0.0100099 -0.043009 0  0  -0.0429227  
0.0121272 0.00999721 -0.0430337 0  0  -0.0429227  
0.0121216 0.00998213 -0.0430474 0  0  -0.0429227  
0.0121085 0.00997625 -0.0430404 0  0  -0.0429227  
0.0120997 0.00998734 -0.0430484 0  0  -0.0429227  
0.0120924 0.00996406 -0.0430419 0  0  -0.0429227  
0.0120935 0.00996773 -0.0430291 0  0  -0.0429227  
0.0121106 0.0099772 -0.0430234 0  0  -0.0429227  
0.0121203 0.00998039 -0.0430301 0  0  -0.0429227  
0.0121186 0.00998171 -0.0430321 0  0  -0.0429227  
0.012116 0.00998087 -0.0430362 0  0  -0.0429227  
0.0121042 0.00997769 -0.043041 0  0  -0.0429227  
0.0121003 0.00997771 -0.0430503 0  0  -0.0429227  
0.0121068 0.00998055 -0.043041 0  0  -0.0429227  
0.0121156 0.00998392 -0.0430435 0  0  -0.0429227  
0.0121036 0.00999113 -0.043047 0  0  -0.0429227  
0.012097 0.0100078 -0.0430475 0  0  -0.0429227  
0.0121075 0.0100023 -0.0430629 0  0  -0.0429227  
0.0121141 0.00999792 -0.0430664 0  0  -0.0429227  
0.0121167 0.00998566 -0.0430688 0  0  -0.0429227  
0.0121094 0.00997825 -0.0430621 0  0  -0.0429227  
0.0121155 0.00998557 -0.0430654 0  0  -0.0429227  
0.0121299 0.00999761 -0.043084 0  0  -0.0429227  
0.012139 0.00999924 -0.0430886 0  0  -0.0429227  
0.0121372 0.00999395 -0.0430928 0  0  -0.0429227  
0.0121349 0.00997785 -0.0430918 0  0  -0.0429227  
0.0121415 0.00997526 -0.043091 0  0  -0.0429227  
0.0121462 0.00997987 -0.0430901 0  0  -0.0429227  
0.0121465 0.00997831 -0.043089 0  0  -0.0429227  
0.0121535 0.00997516 -0.0430819 0  0  -0.0429227  
0.012154 0.00997341 -0.0430724 0  0  -0.0429227  
0.0121307 0.00998244 -0.0430637 0  0  -0.0429227  
0.0121073 0.00997787 -0.0430753 0  0  -0.0429227  
0.0121152 0.00997644 -0.0430916 0  0  -0.0429227  
0.0121099 0.00996232 -0.0431064 0  0  -0.0429227  
0.0121329 0.00995961 -0.0431021 0  0  -0.0429227  
0.0121217 0.0099744 -0.0430939 0  0  -0.0429227  
0.0121193 0.00997535 -0.0430969 0  0  -0.0429227  
0.0121186 0.0099886 -0.0431116 0  0  -0.0429227  
0.0121175 0.00998884 -0.0431072 0  0  -0.0429227  
0.0121092 0.0100072 -0.0430928 0  0  -0.0429227  
0.0121147 0.0100232 -0.0430822 0  0  -0.0429227  
0.0121277 0.0100085 -0.0430914 0  0  -0.0429227  
0.0121287 0.0100007 -0.0431085 0  0  -0.0429227  
0.0121383 0.0100071 -0.0431259 0  0  -0.0429227  
0.0121282 0.0100156 -0.0431274 0  0  -0.0429227  
0.0121188 0.0100222 -0.0431226 0  0  -0.0429227  
0.0121152 0.0100156 -0.0431278 0  0  -0.0429227  
0.0121135 0.0100158 -0.0431383 0  0  -0.0429227  
0.0121008 0.0100235 -0.0431131 0  0  -0.0429227  
0.012101 0.0100205 -0.0431088 0  0  -0.0429227  
0.0120946 0.010023 -0.0431319 0  0  -0.0429227  
0.0120971 0.0100257 -0.0431649 0  0  -0.0429227  
0.0121146 0.0100283 -0.0431604 0  0  -0.0429227  
0.0121111 0.0100279 -0.043157 0  0  -0.0429227  
0.0121115 0.0100231 -0.0431549 0  0  -0.0429227  
0.0121086 0.0100177 -0.0431559 0  0  -0.0429227  
0.0121052 0.0100273 -0.0431641 0  0  -0.0429227  
0.0120939 0.0100496 -0.0431686 0  0  -0.0429227  
0.0120884 0.0100578 -0.0431608 0  0  -0.0429227  
0.012102 0.0100356 -0.0431521 0  0  -0.0429227  
0.0120984 0.0100358 -0.0431657 0  0  -0.0429227  
0.0120937 0.0100355 -0.0431634 0  0  -0.0429227  
0.0121058 0.0100322 -0.0431597 0  0  -0.0429227  
0.0121148 0.0100371 -0.0431558 0  0  -0.0429227  
0.0121172 0.0100269 -0.0431496 0  0  -0.0429227  
0.0121225 0.0100253 -0.0431626 0  0  -0.0429227  
0.0121036 0.0100277 -0.0431606 0  0  -0.0429227  
0.0121027 0.0100333 -0.0431509 0  0  -0.0429227  
0.0121045 0.010034 -0.0431638 0  0  -0.0429227  
0.0121194 0.0100225 -0.0431625 0  0  -0.0429227  
0.0121145 0.0100219 -0.0431463 0  0  -0.0429227  
0.0121182 0.0100107 -0.0431381 0  0  -0.0429227  
0.0121349 0.0100036 -0.0431527 0  0  -0.0429227  
0.0121477 0.0100195 -0.0431616 0  0  -0.0429227  
0.0121391 0.0100282 -0.043177 0  0  -0.0429227  
0.0121375 0.0100281 -0.0431727 0  0  -0.0429227  
0.0121341 0.010044 -0.0431776 0  0  -0.0429227  
0.0121388 0.0100546 -0.0431692 0  0  -0.0429227  
0.0121506 0.0100487 -0.0431922 0  0  -0.0429227  
0.0121589 0.0100462 -0.0431968 0  0  -0.0429227  
0.012166 0.0100481 -0.0431737 0  0  -0.0429227  
0.0121594 0.0100436 -0.043183 0  0  -0.0429227  
0.0121566 0.0100528 -0.0431668 0  0  -0.0429227  
0.0121479 0.0100699 -0.0431587 0  0  -0.0429227  
0.0121429 0.0100553 -0.043183 0  0  -0.0429227  
0.0121276 0.0100403 -0.0431984 0  0  -0.0429227  
0.012126 0.010032 -0.0431984 0  0  -0.0429227  
0.0121221 0.0100561 -0.0431937 0  0  -0.0429227  
0.0121019 0.010075 -0.0431893 0  0  -0.0429227  
0.0121053 0.0100738 -0.0431831 0  0  -0.0429227  
0.0121145 0.0100688 -0.0431761 0  0  -0.0429227  
0.0120982 0.010073 -0.0431785 0  0  -0.0429227  
0.0120895 0.0100668 -0.0431845 0  0  -0.0429227  
0.0121006 0.0100731 -0.0431732 0  0  -0.0429227  
0.0120938 0.0100855 -0.0431579 0  0  -0.0429227  
0.012081 0.0100811 -0.0431584 0  0  -0.0429227  
0.0120864 0.0100791 -0.0431522 0  0  -0.0429227  
0.0120995 0.0100776 -0.0431614 0  0  -0.0429227  
0.0120798 0.0100819 -0.0431636 0  0  -0.0429227  
0.0120818 0.0100869 -0.0431594 0  0  -0.0429227  
0.0120832 0.0100866 -0.0431647 0  0  -0.0429227  
0.0120915 0.0100951 -0.0431809 0  0  -0.0429227  
0.0120727 0.010112 -0.0431756 0  0  -0.0429227  
0.0120573 0.0101042 -0.0431526 0  0  -0.0429227  
0.0120738 0.0100824 -0.0431557 0  0  -0.0429227  
0.012098 0.0100877 -0.0431632 0  0  -0.0429227  
0.0121003 0.0100732 -0.0431464 0  0  -0.0429227  
0.0120938 0.0100567 -0.0431591 0  0  -0.0429227  
0.0120738 0.0100572 -0.0431751 0  0  -0.0429227  
0.0120696 0.0100595 -0.0431579 0  0  -0.0429227  
0.012069 0.0100658 -0.0431578 0  0  -0.0429227  
0.0120678 0.010064 -0.0431514 0  0  -0.0429227  
0.0120567 0.0100618 -0.0431711 0  0  -0.0429227  
0.0120737 0.0100795 -0.043177 0  0  -0.0429227  
0.0120822 0.0100923 -0.0431761 0  0  -0.0429227  
0.0120863 0.0100933 -0.0431699 0  0  -0.0429227  
0.0121142 0.0100901 -0.0431723 0  0  -0.0429227  
0.0121095 0.0100814 -0.0431775 0  0  -0.0429227  
0.0120862 0.0100892 -0.0431869 0  0  -0.0429227  
0.0121014 0.0100881 -0.043177 0  0  -0.0429227  
0.0121138 0.0100901 -0.0431722 0  0  -0.0429227  
0.0121168 0.0100878 -0.0431723 0  0  -0.0429227  
0.0121292 0.01008 -0.0431666 0  0  -0.0429227  
0.0121418 0.0100656 -0.0431578 0  0  -0.0429227  
0.0121233 0.0100759 -0.0431472 0  0  -0.0429227  
0.012111 0.0100771 -0.0431647 0  0  -0.0429227  
0.0121127 0.0100828 -0.04317 0  0  -0.0429227  
0.0121174 0.0100875 -0.0431605 0  0  -0.0429227  
0.0121132 0.010087 -0.0431508 0  0  -0.0429227  
0.0120934 0.0100948 -0.0431688 0  0  -0.0429227  
0.0120888 0.010088 -0.0431783 0  0  -0.0429227  
0.0120848 0.0100734 -0.0431803 0  0  -0.0429227  
0.0120974 0.0100611 -0.0431673 0  0  -0.0429227  
0.0120893 0.0100691 -0.0431678 0  0  -0.0429227  
0.0120727 0.0100823 -0.0431732 0  0  -0.0429227  
0.012076 0.0100787 -0.0431745 0  0  -0.0429227  
0.0120709 0.0100739 -0.0431785 0  0  -0.0429227  
0.0120657 0.0100755 -0.0431856 0  0  -0.0429227  
0.0120627 0.0100812 -0.0431758 0  0  -0.0429227  
0.0120414 0.0100887 -0.0431662 0  0  -0.0429227  
0.0120696 0.0100526 -0.0431488 0  0  -0.0429227  
0.0120805 0.0100448 -0.04316 0  0  -0.0429227  
0.0120694 0.0100599 -0.0431986 0  0  -0.0429227  
0.0120478 0.0100719 -0.0432165 0  0  -0.0429227  
0.0120548 0.0100767 -0.043205 0  0  -0.0429227  
0.012052 0.0100769 -0.0431911 0  0  -0.0429227  
0.0120339 0.0100683 -0.0431828 0  0  -0.0429227  
0.012036 0.0100499 -0.043198 0  0  -0.0429227  
0.0120384 0.0100413 -0.0432056 0  0  -0.0429227  
0.0120474 0.0100437 -0.0432177 0  0  -0.0429227  
0.0120573 0.0100622 -0.0432147 0  0  -0.0429227  
0.0120576 0.0100706 -0.0432167 0  0  -0.0429227  
0.0120571 0.0100736 -0.0432113 0  0  -0.0429227  
0.0120632 0.0100754 -0.0432052 0  0  -0.0429227  
0.0120713 0.0100777 -0.0432151 0  0  -0.0429227  
0.0120915 0.0100923 -0.0432296 0  0  -0.0429227  
0.0120919 0.0100883 -0.0432435 0  0  -0.0429227  
0.0120947 0.0100808 -0.0432224 0  0  -0.0429227  
0.012122 0.010076 -0.0432184 0  0  -0.0429227  
0.0121133 0.010079 -0.0432264 0  0  -0.0429227  
0.0121102 0.0100604 -0.0432286 0  0  -0.0429227  
0.0121112 0.0100466 -0.0432245 0  0  -0.0429227  
0.0120908 0.0100641 -0.0432339 0  0  -0.0429227  
0.0120756 0.010063 -0.0432342 0  0  -0.0429227  
0.0120731 0.0100448 -0.0432449 0  0  -0.0429227  
0.0120791 0.0100452 -0.0432547 0  0  -0.0429227  
0.0121016 0.0100422 -0.0432451 0  0  -0.0429227  
0.0121294 0.0100538 -0.0432399 0  0  -0.0429227  
0.0121296 0.0100384 -0.04324 0  0  -0.0429227  
0.0121307 0.0100455 -0.043224 0  0  -0.0429227  
0.012133 0.0100591 -0.043226 0  0  -0.0429227  
0.0121365 0.0100443 -0.0432146 0  0  -0.0429227  
0.0121414 0.0100464 -0.0432265 0  0  -0.0429227  
0.0121362 0.010056 -0.0432495 0  0  -0.0429227  
0.012118 0.0100483 -0.0432476 0  0  -0.0429227  
0.0121185 0.0100525 -0.0432433 0  0  -0.0429227  
0.0121297 0.0100616 -0.043249 0  0  -0.0429227  
0.0121239 0.0100557 -0.0432519 0  0  -0.0429227  
0.0120917 0.0100498 -0.0432228 0  0  -0.0429227  
0.0120756 0.010056 -0.0432187 0  0  -0.0429227  
0.012082 0.0100525 -0.0432222 0  0  -0.0429227  
0.0120881 0.0100541 -0.0432192 0  0  -0.0429227  
0.0120986 0.0100651 -0.0432249 0  0  -0.0429227  
0.0120992 0.0100673 -0.0432387 0  0  -0.0429227  
0.0121018 0.0100602 -0.0432463 0  0  -0.0429227  
0.012113 0.0100729 -0.0432222 0  0  -0.0429227  
0.0121055 0.0100716 -0.0432218 0  0  -0.0429227  
0.0121038 0.0100765 -0.0432322 0  0  -0.0429227  
0.0121056 0.0100906 -0.04323 0  0  -0.0429227  
0.0121174 0.0100853 -0.0431987 0  0  -0.0429227  
0.0121098 0.010089 -0.0432078 0  0  -0.0429227  
0.0121147 0.0100861 -0.0432399 0  0  -0.0429227  
0.0121255 0.0100741 -0.0432416 0  0  -0.0429227  
0.0121234 0.0100544 -0.0432056 0  0  -0.0429227  
0.0121139 0.0100608 -0.0431976 0  0  -0.0429227  
0.0121157 0.0100797 -0.0432059 0  0  -0.0429227  
0.0121165 0.0100607 -0.0431945 0  0  -0.0429227  
0.0121161 0.0100668 -0.0431986 0  0  -0.0429227  
0.01211 0.010068 -0.0432025 0  0  -0.0429227  
0.0121064 0.0100541 -0.0431972 0  0  -0.0429227  
0.0121182 0.0100564 -0.043203 0  0  -0.0429227  
0.0121315 0.0100747 -0.0432023 0  0  -0.0429227  
0.0121313 0.010078 -0.0431937 0  0  -0.0429227  
0.0121202 0.0100595 -0.0432009 0  0  -0.0429227  
0.0121235 0.0100522 -0.0431904 0  0  -0.0429227  
0.012113 0.0100399 -0.0431741 0  0  -0.0429227  
0.0121019 0.0100395 -0.0431597 0  0  -0.0429227  
0.0121065 0.010036 -0.0431621 0  0  -0.0429227  
0.0121016 0.0100372 -0.0431862 0  0  -0.0429227  
0.0121022 0.0100374 -0.0431703 0  0  -0.0429227  
0.0121015 0.0100448 -0.0431595 0  0  -0.0429227  
0.0121013 0.0100621 -0.0431688 0  0  -0.0429227  
0.0121065 0.0100478 -0.0431596 0  0  -0.0429227  
0.0120904 0.0100511 -0.0431439 0  0  -0.0429227  
0.0121022 0.0100637 -0.0431422 0  0  -0.0429227  
0.0121122 0.0100747 -0.0431382 0  0  -0.0429227  
0.0121055 0.0100662 -0.0431401 0  0  -0.0429227  
0.0121133 0.0100631 -0.0431384 0  0  -0.0429227  
0.0121147 0.0100668 -0.0431383 0  0  -0.0429227  
0.0121149 0.0100842 -0.0431413 0  0  -0.0429227  
0.0121223 0.0100902 -0.0431596 0  0  -0.0429227  
0.0121304 0.0100811 -0.0431643 0  0  -0.0429227  
0.0121223 0.0100682 -0.0431577 0  0  -0.0429227  
0.0121045 0.0100754 -0.0431557 0  0  -0.0429227  
0.0121156 0.0100754 -0.0431711 0  0  -0.0429227  
0.0121301 0.0100567 -0.0431731 0  0  -0.0429227  
0.0121197 0.010061 -0.04318 0  0  -0.0429227  
0.0121078 0.0100691 -0.0431878 0  0  -0.0429227  
0.0121045 0.0100699 -0.0431919 0  0  -0.0429227  
0.0120933 0.0100795 -0.0431848 0  0  -0.0429227  
0.0120999 0.0100838 -0.0431861 0  0  -0.0429227  
0.0121109 0.0100833 -0.0431941 0  0  -0.0429227  
0.0120881 0.0100917 -0.0431897 0  0  -0.0429227  
0.0120752 0.0100871 -0.0431912 0  0  -0.0429227  
0.0120777 0.0100909 -0.0431859 0  0  -0.0429227  
0.0120802 0.0100827 -0.0431936 0  0  -0.0429227  
0.0120725 0.0100848 -0.0432006 0  0  -0.0429227  
0.0120586 0.0100873 -0.0432052 0  0  -0.0429227  
0.0120451 0.0100864 -0.0432098 0  0  -0.0429227  
0.0120518 0.0100858 -0.0431984 0  0  -0.0429227  
0.0120529 0.0100803 -0.0432028 0  0  -0.0429227  
0.012054 0.0100696 -0.0431997 0  0  -0.0429227  
0.0120628 0.0100717 -0.043199 0  0  -0.0429227  
0.012053 0.0100778 -0.0432112 0  0  -0.0429227  
0.0120677 0.0100765 -0.0432087 0  0  -0.0429227  
0.0120701 0.0100825 -0.0432173 0  0  -0.0429227  
0.0120593 0.0100822 -0.0432284 0  0  -0.0429227  
0.0120671 0.0100771 -0.0432065 0  0  -0.0429227  
0.0120709 0.0100869 -0.0432023 0  0  -0.0429227  
0.0120713 0.0100961 -0.0432266 0  0  -0.0429227  
0.0120753 0.0100925 -0.0432342 0  0  -0.0429227  
0.0120724 0.0100745 -0.043231 0  0  -0.0429227  
0.0120793 0.0100736 -0.0432186 0  0  -0.0429227  
0.0120675 0.0100714 -0.043201 0  0  -0.0429227  
0.0120539 0.0100535 -0.0432133 0  0  -0.0429227  
0.0120703 0.0100476 -0.043213 0  0  -0.0429227  
0.0120838 0.0100351 -0.0432074 0  0  -0.0429227  
0.0120827 0.0100196 -0.0432043 0  0  -0.0429227  
0.0120771 0.0100206 -0.0431976 0  0  -0.0429227  
0.012067 0.0100342 -0.0432171 0  0  -0.0429227  
0.0120629 0.0100355 -0.043219 0  0  -0.0429227  
0.0120601 0.0100273 -0.043202 0  0  -0.0429227  
0.012049 0.0100206 -0.0431717 0  0  -0.0429227  
0.0120495 0.0100077 -0.0431772 0  0  -0.0429227  
0.0120496 0.0100235 -0.0432174 0  0  -0.0429227  
0.0120424 0.0100227 -0.0432213 0  0  -0.0429227  
0.0120466 0.0100201 -0.0432194 0  0  -0.0429227  
0.0120332 0.0100447 -0.0432121 0  0  -0.0429227  
0.0120209 0.0100368 -0.0432286 0  0  -0.0429227  
0.0120336 0.0100338 -0.0432473 0  0  -0.0429227  
0.0120444 0.0100428 -0.0432508 0  0  -0.0429227  
0.0120148 0.0100426 -0.0432505 0  0  -0.0429227  
0.0119946 0.0100286 -0.0432507 0  0  -0.0429227  
0.0119951 0.0100351 -0.0432559 0  0  -0.0429227  
0.0120036 0.0100511 -0.0432455 0  0  -0.0429227  
0.012021 0.0100468 -0.043241 0  0  -0.0429227  
0.0120276 0.0100402 -0.0432414 0  0  -0.0429227  
0.0120199 0.0100277 -0.0432423 0  0  -0.0429227  
0.0119955 0.0100361 -0.0432378 0  0  -0.0429227  
0.0120007 0.0100392 -0.043238 0  0  -0.0429227  
0.0120028 0.0100429 -0.0432349 0  0  -0.0429227  
0.0120011 0.01004 -0.0432433 0  0  -0.0429227  
0.0119972 0.0100333 -0.0432421 0  0  -0.0429227  
0.0119931 0.0100427 -0.0432376 0  0  -0.0429227  
0.0119901 0.0100476 -0.0432618 0  0  -0.0429227  
0.0119743 0.0100438 -0.0432526 0  0  -0.0429227  
0.0119587 0.0100215 -0.0432447 0  0  -0.0429227  
0.0119672 0.0100175 -0.0432568 0  0  -0.0429227  
0.011973 0.0100282 -0.0432442 0  0  -0.0429227  
0.0119658 0.0100235 -0.0432365 0  0  -0.0429227  
0.0119516 0.0100306 -0.0432336 0  0  -0.0429227  
0.0119542 0.0100225 -0.0432349 0  0  -0.0429227  
0.0119578 0.0100134 -0.0432447 0  0  -0.0429227  
0.0119574 0.010022 -0.0432435 0  0  -0.0429227  
0.0119593 0.0100126 -0.0432245 0  0  -0.0429227  
0.011948 0.00999841 -0.0432432 0  0  -0.0429227  
0.0119427 0.00999476 -0.0432621 0  0  -0.0429227  
0.0119547 0.00999845 -0.0432584 0  0  -0.0429227  
0.0119606 0.0100188 -0.0432648 0  0  -0.0429227  
0.0119467 0.0100211 -0.0432641 0  0  -0.0429227  
0.0119576 0.0100127 -0.043254 0  0  -0.0429227  
0.0119538 0.0100127 -0.043274 0  0  -0.0429227  
0.0119616 0.0100057 -0.0432915 0  0  -0.0429227  
0.0119652 0.0100103 -0.0432778 0  0  -0.0429227  
0.01196 0.010026 -0.0432816 0  0  -0.0429227  
0.011962 0.0100224 -0.0432859 0  0  -0.0429227  
0.0119595 0.0100286 -0.0432878 0  0  -0.0429227  
0.011936 0.0100323 -0.0432664 0  0  -0.0429227  
0.0119319 0.0100353 -0.04328 0  0  -0.0429227  
0.0119208 0.0100158 -0.0432861 0  0  -0.0429227  
0.0119177 0.00999957 -0.0432925 0  0  -0.0429227  
0.0119242 0.0100119 -0.0432831 0  0  -0.0429227  
0.0119212 0.0100282 -0.0432817 0  0  -0.0429227  
0.011915 0.0100242 -0.0432899 0  0  -0.0429227  
0.0119107 0.0100331 -0.0432843 0  0  -0.0429227  
0.011905 0.0100474 -0.0432924 0  0  -0.0429227  
0.0118948 0.010038 -0.0432867 0  0  -0.0429227  
0.011893 0.0100228 -0.0432995 0  0  -0.0429227  
0.0119032 0.0100038 -0.0433013 0  0  -0.0429227  
0.0119122 0.0100056 -0.0432932 0  0  -0.0429227  
0.0119029 0.0100255 -0.0433031 0  0  -0.0429227  
0.0118999 0.0100086 -0.0432925 0  0  -0.0429227  
0.0119135 0.00999651 -0.0432975 0  0  -0.0429227  
0.0118873 0.0100183 -0.0433002 0  0  -0.0429227  
0.011885 0.0100178 -0.0432937 0  0  -0.0429227  
0.0118833 0.0100017 -0.0432959 0  0  -0.0429227  
0.0118933 0.00999562 -0.0432965 0  0  -0.0429227  
0.0118941 0.00999363 -0.0432954 0  0  -0.0429227  
0.0118826 0.0100076 -0.0433011 0  0  -0.0429227  
0.0118899 0.0100025 -0.0432919 0  0  -0.0429227  
0.0118965 0.00999186 -0.0432902 0  0  -0.0429227  
0.0119037 0.0100169 -0.043303 0  0  -0.0429227  
0.0119073 0.0100244 -0.0433104 0  0  -0.0429227  
0.0119154 0.0100144 -0.0433194 0  0  -0.0429227  
0.0119136 0.0100133 -0.0433268 0  0  -0.0429227  
0.0119228 0.0100028 -0.0433337 0  0  -0.0429227  
0.0119096 0.0100047 -0.0433234 0  0  -0.0429227  
0.0119021 0.0100122 -0.0433155 0  0  -0.0429227  
0.0119084 0.0100154 -0.0433211 0  0  -0.0429227  
0.0118925 0.0100141 -0.043315 0  0  -0.0429227  
0.0118739 0.010013 -0.0433173 0  0  -0.0429227  
0.0118673 0.0100173 -0.0433413 0  0  -0.0429227  
0.0118538 0.0100201 -0.0433374 0  0  -0.0429227  
0.0118508 0.0100286 -0.0433404 0  0  -0.0429227  
0.0118622 0.0100327 -0.0433291 0  0  -0.0429227  
0.011871 0.0100348 -0.0433338 0  0  -0.0429227  
0.0118734 0.0100316 -0.0433519 0  0  -0.0429227  
0.0118721 0.0100222 -0.043353 0  0  -0.0429227  
0.0118605 0.010031 -0.0433577 0  0  -0.0429227  
0.0118604 0.0100395 -0.0433735 0  0  -0.0429227  
0.0118603 0.0100324 -0.0433693 0  0  -0.0429227  
0.0118619 0.010023 -0.0433577 0  0  -0.0429227  
0.0118559 0.0100207 -0.0433702 0  0  -0.0429227  
0.0118458 0.0100267 -0.0433824 0  0  -0.0429227  
0.0118595 0.0100503 -0.0433667 0  0  -0.0429227  
0.0118691 0.0100445 -0.043364 0  0  -0.0429227  
0.0118714 0.0100247 -0.0433537 0  0  -0.0429227  
0.0118775 0.0100177 -0.0433572 0  0  -0.0429227  
0.0118737 0.0100179 -0.0433644 0  0  -0.0429227  
0.0118751 0.0100283 -0.0433697 0  0  -0.0429227  
0.0118748 0.0100334 -0.0433791 0  0  -0.0429227  
0.011876 0.010025 -0.0433952 0  0  -0.0429227  
0.0118691 0.0100223 -0.0433853 0  0  -0.0429227  
0.0118706 0.0100273 -0.04338 0  0  -0.0429227  
0.0118624 0.0100149 -0.0433807 0  0  -0.0429227  
0.0118591 0.0100139 -0.0433784 0  0  -0.0429227  
0.0118686 0.0100214 -0.0433937 0  0  -0.0429227  
0.0118644 0.0100124 -0.0433851 0  0  -0.0429227  
0.0118409 0.0100202 -0.0433743 0  0  -0.0429227  
0.0118478 0.0100338 -0.0433829 0  0  -0.0429227  
0.0118691 0.0100377 -0.0434051 0  0  -0.0429227  
0.0118645 0.0100193 -0.0434125 0  0  -0.0429227  
0.0118544 0.0100124 -0.0434323 0  0  -0.0429227  
0.0118603 0.0100207 -0.0434367 0  0  -0.0429227  
0.0118755 0.0100182 -0.0434374 0  0  -0.0429227  
0.0118774 0.0100275 -0.0434331 0  0  -0.0429227  
0.0118638 0.010042 -0.0434238 0  0  -0.0429227  
0.0118673 0.0100334 -0.0434155 0  0  -0.0429227  
0.0118716 0.010023 -0.043419 0  0  -0.0429227  
0.0118781 0.0100221 -0.0434182 0  0  -0.0429227  
0.0118686 0.010031 -0.0434293 0  0  -0.0429227  
0.0118694 0.0100326 -0.0434303 0  0  -0.0429227  
0.0118723 0.0100312 -0.0434209 0  0  -0.0429227  
0.0118584 0.0100447 -0.0434211 0  0  -0.0429227  
0.0118499 0.0100343 -0.0434229 0  0  -0.0429227  
0.0118667 0.010033 -0.0434321 0  0  -0.0429227  
0.0118784 0.010049 -0.0434421 0  0  -0.0429227  
0.0118814 0.0100636 -0.0434505 0  0  -0.0429227  
0.0118738 0.0100478 -0.0434588 0  0  -0.0429227  
0.0118732 0.0100467 -0.0434418 0  0  -0.0429227  
0.0118695 0.0100636 -0.0434372 0  0  -0.0429227  
0.0118661 0.0100631 -0.0434327 0  0  -0.0429227  
0.011861 0.0100699 -0.0434207 0  0  -0.0429227  
0.0118314 0.0100837 -0.0434287 0  0  -0.0429227  
0.011828 0.0100752 -0.0434265 0  0  -0.0429227  
0.0118558 0.0100687 -0.0434331 0  0  -0.0429227  
0.0118735 0.0100659 -0.0434382 0  0  -0.0429227  
0.011885 0.0100599 -0.0434325 0  0  -0.0429227  
0.011879 0.0100574 -0.0434407 0  0  -0.0429227  
0.0118837 0.0100602 -0.0434376 0  0  -0.0429227  
0.0118645 0.0100597 -0.0434442 0  0  -0.0429227  
0.0118755 0.0100469 -0.0434618 0  0  -0.0429227  
0.0118888 0.0100342 -0.0434732 0  0  -0.0429227  
0.0118863 0.0100414 -0.0434635 0  0  -0.0429227  
0.0118663 0.0100472 -0.0434646 0  0  -0.0429227  
0.0118647 0.0100423 -0.0434348 0  0  -0.0429227  
0.0118675 0.0100321 -0.0434371 0  0  -0.0429227  
0.0118706 0.0100339 -0.0434457 0  0  -0.0429227  
0.0118633 0.0100503 -0.0434494 0  0  -0.0429227  
0.0118701 0.0100473 -0.0434455 0  0  -0.0429227  
0.011877 0.010045 -0.0434564 0  0  -0.0429227  
0.0118751 0.0100356 -0.0434501 0  0  -0.0429227  
0.0118735 0.0100307 -0.0434437 0  0  -0.0429227  
0.0118678 0.0100318 -0.0434359 0  0  -0.0429227  
0.0118635 0.0100421 -0.043443 0  0  -0.0429227  
0.0118702 0.010036 -0.0434413 0  0  -0.0429227  
0.0118684 0.0100442 -0.043423 0  0  -0.0429227  
0.0118501 0.0100525 -0.0434125 0  0  -0.0429227  
0.0118477 0.010054 -0.0434187 0  0  -0.0429227  
0.0118579 0.0100276 -0.0434036 0  0  -0.0429227  
0.0118613 0.0100097 -0.0433933 0  0  -0.0429227  
0.0118625 0.0100189 -0.0434124 0  0  -0.0429227  
0.0118621 0.0100268 -0.0434207 0  0  -0.0429227  
0.011879 0.0100219 -0.0434237 0  0  -0.0429227  
0.0118865 0.0100216 -0.0434124 0  0  -0.0429227  
0.0118915 0.0100199 -0.0434147 0  0  -0.0429227  
0.0118894 0.0100197 -0.0434263 0  0  -0.0429227  
0.0118753 0.0100062 -0.0434353 0  0  -0.0429227  
0.0118834 0.009999 -0.0434496 0  0  -0.0429227  
0.0119083 0.0100188 -0.0434601 0  0  -0.0429227  
0.0118865 0.0100255 -0.0434568 0  0  -0.0429227  
0.0118699 0.0100221 -0.0434624 0  0  -0.0429227  
0.0118864 0.010012 -0.0434463 0  0  -0.0429227  
0.0118785 0.0100109 -0.0434427 0  0  -0.0429227  
0.0118664 0.0100039 -0.0434539 0  0  -0.0429227  
0.0118657 0.010007 -0.0434666 0  0  -0.0429227  
0.0118648 0.0100094 -0.0434643 0  0  -0.0429227  
0.0118576 0.0100083 -0.0434682 0  0  -0.0429227  
0.0118566 0.00999548 -0.0434673 0  0  -0.0429227  
0.0118623 0.0100046 -0.0434462 0  0  -0.0429227  
0.0118538 0.0099965 -0.043432 0  0  -0.0429227  
0.0118637 0.00999688 -0.0434346 0  0  -0.0429227  
0.0118856 0.00998982 -0.0434495 0  0  -0.0429227  
0.0118791 0.00999666 -0.0434396 0  0  -0.0429227  
0.011873 0.0100052 -0.0434147 0  0  -0.0429227  
0.0118664 0.0100101 -0.0434313 0  0  -0.0429227  
0.0118551 0.0100049 -0.0434447 0  0  -0.0429227  
0.0118614 0.010017 -0.043465 0  0  -0.0429227  
0.0118624 0.0100201 -0.0434469 0  0  -0.0429227  
0.0118568 0.0100127 -0.0434223 0  0  -0.0429227  
0.0118638 0.00999391 -0.0434313 0  0  -0.0429227  
0.0118496 0.0100032 -0.0434401 0  0  -0.0429227  
0.0118417 0.0100063 -0.0434237 0  0  -0.0429227  
0.0118478 0.00999363 -0.0434252 0  0  -0.0429227  
0.0118399 0.00998743 -0.0434324 0  0  -0.0429227  
0.011829 0.00999069 -0.0434467 0  0  -0.0429227  
0.0118357 0.00998306 -0.0434588 0  0  -0.0429227  
0.0118241 0.00997685 -0.0434519 0  0  -0.0429227  
0.0117983 0.00998519 -0.0434549 0  0  -0.0429227  
0.011785 0.00997956 -0.0434819 0  0  -0.0429227  
0.0118073 0.00997899 -0.0434702 0  0  -0.0429227  
0.0118137 0.00999024 -0.0434661 0  0  -0.0429227  
0.0117996 0.00999811 -0.0434749 0  0  -0.0429227  
0.0117951 0.0100127 -0.0434904 0  0  -0.0429227  
0.0118061 0.0099895 -0.0434944 0  0  -0.0429227  
0.0118057 0.00997289 -0.0434775 0  0  -0.0429227  
0.0118033 0.00998824 -0.0434549 0  0  -0.0429227  
0.0117988 0.0100043 -0.0434662 0  0  -0.0429227  
0.0117915 0.010008 -0.0434796 0  0  -0.0429227  
0.0117698 0.0100013 -0.0434924 0  0  -0.0429227  
0.0117608 0.00999832 -0.0435005 0  0  -0.0429227  
0.0117666 0.00999823 -0.0434901 0  0  -0.0429227  
0.0117695 0.00998779 -0.0434765 0  0  -0.0429227  
0.0117577 0.00998778 -0.0434897 0  0  -0.0429227  
0.0117537 0.00999347 -0.0435033 0  0  -0.0429227  
0.0117506 0.00999671 -0.0435063 0  0  -0.0429227  
0.011761 0.00998715 -0.0434898 0  0  -0.0429227  
0.01177 0.00999363 -0.0434784 0  0  -0.0429227  
0.011752 0.0100047 -0.0434966 0  0  -0.0429227  
0.0117434 0.00999532 -0.0434962 0  0  -0.0429227  
0.0117334 0.00999508 -0.0434947 0  0  -0.0429227  
0.0117184 0.00998536 -0.043494 0  0  -0.0429227  
0.0117226 0.00999169 -0.0434941 0  0  -0.0429227  
0.0117217 0.0099939 -0.0434813 0  0  -0.0429227  
0.0117223 0.0100028 -0.0434833 0  0  -0.0429227  
0.011731 0.010002 -0.0434975 0  0  -0.0429227  
0.0117245 0.0100055 -0.0435045 0  0  -0.0429227  
0.0117364 0.0100027 -0.043486 0  0  -0.0429227  
0.0117313 0.0100078 -0.0434973 0  0  -0.0429227  
0.0117377 0.0100089 -0.043504 0  0  -0.0429227  
0.0117315 0.0100064 -0.0435154 0  0  -0.0429227  
0.0117278 0.00999666 -0.0435195 0  0  -0.0429227  
0.011733 0.0099923 -0.0435188 0  0  -0.0429227  
0.0117401 0.00999348 -0.0435106 0  0  -0.0429227  
0.0117399 0.00998686 -0.0435213 0  0  -0.0429227  
0.0117285 0.00998605 -0.043525 0  0  -0.0429227  
0.0117148 0.00999728 -0.0435178 0  0  -0.0429227  
0.0117309 0.00999019 -0.0435208 0  0  -0.0429227  
0.011719 0.00998821 -0.043533 0  0  -0.0429227  
0.0117212 0.00998583 -0.0435267 0  0  -0.0429227  
0.0117236 0.00999655 -0.0435384 0  0  -0.0429227  
0.011725 0.00999139 -0.0435321 0  0  -0.0429227  
0.0117315 0.00999247 -0.0435207 0  0  -0.0429227  
0.0117268 0.00998379 -0.0435046 0  0  -0.0429227  
0.0117088 0.0099787 -0.0435091 0  0  -0.0429227  
0.0117138 0.00996806 -0.0435148 0  0  -0.0429227  
0.0117063 0.00996667 -0.0435282 0  0  -0.0429227  
0.0117024 0.00997829 -0.0435205 0  0  -0.0429227  
0.0117008 0.0099818 -0.0435299 0  0  -0.0429227  
0.011693 0.00998673 -0.0435486 0  0  -0.0429227  
0.0116897 0.00998539 -0.0435399 0  0  -0.0429227  
0.0116891 0.00998212 -0.0435272 0  0  -0.0429227  
0.0116998 0.00995888 -0.0435141 0  0  -0.0429227  
0.0117148 0.00995908 -0.0435212 0  0  -0.0429227  
0.0117051 0.00995603 -0.0435378 0  0  -0.0429227  
0.0117104 0.00994665 -0.0435519 0  0  -0.0429227  
0.0117092 0.00995192 -0.0435486 0  0  -0.0429227  
0.011692 0.00995388 -0.0435488 0  0  -0.0429227  
0.0116752 0.0099455 -0.0435524 0  0  -0.0429227  
0.0116648 0.00994454 -0.0435433 0  0  -0.0429227  
0.0116747 0.0099465 -0.043547 0  0  -0.0429227  
0.011668 0.00993423 -0.0435563 0  0  -0.0429227  
0.0116555 0.00996113 -0.0435682 0  0  -0.0429227  
0.0116449 0.00997219 -0.0435675 0  0  -0.0429227  
0.0116441 0.0099698 -0.0435792 0  0  -0.0429227  
0.0116389 0.00996121 -0.0435875 0  0  -0.0429227  
0.0116489 0.00996312 -0.0435848 0  0  -0.0429227  
0.0116613 0.00997848 -0.0435799 0  0  -0.0429227  
0.011649 0.00999695 -0.0435854 0  0  -0.0429227  
0.0116412 0.00999022 -0.0435905 0  0  -0.0429227  
0.0116391 0.00997644 -0.0435714 0  0  -0.0429227  
0.0116367 0.0099738 -0.0435671 0  0  -0.0429227  
0.0116372 0.00997595 -0.0435777 0  0  -0.0429227  
0.0116326 0.00997626 -0.0435892 0  0  -0.0429227  
0.0116297 0.00996136 -0.0435701 0  0  -0.0429227  
0.0116379 0.00995336 -0.0435493 0  0  -0.0429227  
0.0116483 0.00997149 -0.0435581 0  0  -0.0429227  
0.0116511 0.00997153 -0.043572 0  0  -0.0429227  
0.0116471 0.0099741 -0.0435888 0  0  -0.0429227  
0.0116562 0.00997005 -0.043602 0  0  -0.0429227  
0.0116666 0.00997114 -0.0435971 0  0  -0.0429227  
0.0116425 0.00998009 -0.0435959 0  0  -0.0429227  
0.0116225 0.00998312 -0.0435927 0  0  -0.0429227  
0.0116195 0.00998541 -0.0435766 0  0  -0.0429227  
0.0116177 0.00999386 -0.0436019 0  0  -0.0429227  
0.0116189 0.0100007 -0.0435944 0  0  -0.0429227  
0.0116258 0.0099978 -0.0435863 0  0  -0.0429227  
0.0116303 0.00998495 -0.0435717 0  0  -0.0429227  
0.0116161 0.00999406 -0.0435645 0  0  -0.0429227  
0.0116117 0.0100026 -0.043577 0  0  -0.0429227  
0.0116265 0.00999002 -0.0435661 0  0  -0.0429227  
0.0116263 0.00997662 -0.0435556 0  0  -0.0429227  
0.0116175 0.00997786 -0.043586 0  0  -0.0429227  
0.0116191 0.00997692 -0.0436084 0  0  -0.0429227  
0.0116296 0.00996316 -0.0436037 0  0  -0.0429227  
0.0116548 0.00995355 -0.0435954 0  0  -0.0429227  
0.0116528 0.00995193 -0.0435942 0  0  -0.0429227  
0.011658 0.00994912 -0.0435977 0  0  -0.0429227  
0.0116533 0.00994922 -0.0435985 0  0  -0.0429227  
0.0116468 0.00996484 -0.0435767 0  0  -0.0429227  
0.011649 0.00997861 -0.0435734 0  0  -0.0429227  
0.0116513 0.00998483 -0.043583 0  0  -0.0429227  
0.0116442 0.00997199 -0.0435956 0  0  -0.0429227  
0.0116451 0.00997115 -0.0435903 0  0  -0.0429227  
0.0116529 0.00998386 -0.0435842 0  0  -0.0429227  
0.0116622 0.00996048 -0.0436008 0  0  -0.0429227  
0.0116689 0.00995044 -0.0436097 0  0  -0.0429227  
0.0116742 0.00995966 -0.0436141 0  0  -0.0429227  
0.0116838 0.00997963 -0.043592 0  0  -0.0429227  
0.0116798 0.00998291 -0.0435865 0  0  -0.0429227  
0.0116933 0.00997694 -0.0435967 0  0  -0.0429227  
0.0116966 0.0099672 -0.0435927 0  0  -0.0429227  
0.0116766 0.00994446 -0.0435909 0  0  -0.0429227  
0.0116718 0.00995721 -0.0435969 0  0  -0.0429227  
0.011675 0.009948 -0.0435738 0  0  -0.0429227  
0.0116798 0.00994538 -0.0435655 0  0  -0.0429227  
0.0116744 0.00995795 -0.0435831 0  0  -0.0429227  
0.0116672 0.00996292 -0.0435923 0  0  -0.0429227  
0.0116572 0.00997174 -0.0435917 0  0  -0.0429227  
0.0116592 0.00995836 -0.0435802 0  0  -0.0429227  
0.0116727 0.00995068 -0.0435788 0  0  -0.0429227  
0.0116791 0.00995325 -0.0436024 0  0  -0.0429227  
0.0116704 0.00994733 -0.0436074 0  0  -0.0429227  
0.0116691 0.00994333 -0.0436084 0  0  -0.0429227  
0.0116799 0.00993454 -0.0436143 0  0  -0.0429227  
0.011686 0.00993775 -0.0436178 0  0  -0.0429227  
0.0116745 0.00996228 -0.0436169 0  0  -0.0429227  
0.0116728 0.0099669 -0.0436051 0  0  -0.0429227  
0.011658 0.00996124 -0.0436045 0  0  -0.0429227  
0.0116619 0.00994118 -0.0436155 0  0  -0.0429227  
0.0116657 0.00994141 -0.0436178 0  0  -0.0429227  
0.0116602 0.0099416 -0.0436281 0  0  -0.0429227  
0.0116606 0.00993998 -0.0436154 0  0  -0.0429227  
0.0116867 0.00994118 -0.0436155 0  0  -0.0429227  
0.0116929 0.00994129 -0.0436307 0  0  -0.0429227  
0.0116871 0.00993257 -0.0436135 0  0  -0.0429227  
0.0116776 0.0099253 -0.0436004 0  0  -0.0429227  
0.0116636 0.00993042 -0.0435965 0  0  -0.0429227  
0.0116873 0.00994351 -0.0436102 0  0  -0.0429227  
0.0117018 0.00994637 -0.0436044 0  0  -0.0429227  
0.0116981 0.00995428 -0.0436222 0  0  -0.0429227  
0.0116923 0.00996239 -0.0436186 0  0  -0.0429227  
0.0116921 0.00995762 -0.0436102 0  0  -0.0429227  
0.0116915 0.00995408 -0.0436006 0  0  -0.0429227  
0.0116904 0.00996332 -0.0436079 0  0  -0.0429227  
0.0116804 0.00997817 -0.0436061 0  0  -0.0429227  
0.0116825 0.00999691 -0.0435901 0  0  -0.0429227  
0.0116891 0.0100044 -0.0435786 0  0  -0.0429227  
0.0116915 0.0100146 -0.0435764 0  0  -0.0429227  
0.0117019 0.0100022 -0.0435834 0  0  -0.0429227  
0.0117007 0.0099958 -0.0435898 0  0  -0.0429227  
0.0117061 0.0100096 -0.0435803 0  0  -0.0429227  
0.0117043 0.0100152 -0.0435833 0  0  -0.0429227  
0.0116956 0.0100146 -0.0435914 0  0  -0.0429227  
0.0117118 0.0100024 -0.0435934 0  0  -0.0429227  
0.0117317 0.00999614 -0.0435901 0  0  -0.0429227  
0.0117141 0.0100014 -0.0435754 0  0  -0.0429227  
0.0116979 0.0100069 -0.0435724 0  0  -0.0429227  
0.0117131 0.0100031 -0.04357 0  0  -0.0429227  
0.0117232 0.0100137 -0.0435671 0  0  -0.0429227  
0.0117149 0.0100155 -0.0435879 0  0  -0.0429227  
0.0117219 0.0100042 -0.043582 0  0  -0.0429227  
0.0117207 0.00999486 -0.0435608 0  0  -0.0429227  
0.0117208 0.00999642 -0.043548 0  0  -0.0429227  
0.0117202 0.00999706 -0.0435671 0  0  -0.0429227  
0.0117242 0.0100016 -0.0435895 0  0  -0.0429227  
0.011725 0.0100005 -0.0435683 0  0  -0.0429227  
0.0117314 0.0100091 -0.0435547 0  0  -0.0429227  
0.0117363 0.0100154 -0.0435559 0  0  -0.0429227  
0.0117369 0.0100124 -0.0435623 0  0  -0.0429227  
0.0117596 0.0100076 -0.0435846 0  0  -0.0429227  
0.0117456 0.0100058 -0.0435839 0  0  -0.0429227  
0.0117287 0.0100128 -0.0435724 0  0  -0.0429227  
0.0117312 0.0100022 -0.0435631 0  0  -0.0429227  
0.0117078 0.00998513 -0.0435759 0  0  -0.0429227  
0.0116871 0.0100004 -0.0435779 0  0  -0.0429227  
0.0117076 0.0100092 -0.0435649 0  0  -0.0429227  
0.0117051 0.0100112 -0.0435754 0  0  -0.0429227  
0.011694 0.0100089 -0.0435781 0  0  -0.0429227  
0.0117106 0.0100008 -0.0435938 0  0  -0.0429227  
0.0117216 0.00998716 -0.0435881 0  0  -0.0429227  
0.0117145 0.00998083 -0.0435793 0  0  -0.0429227  
0.0117191 0.00998388 -0.04357 0  0  -0.0429227  
0.0117307 0.00998262 -0.0435641 0  0  -0.0429227  
0.0117219 0.00997739 -0.0435691 0  0  -0.0429227  
0.0117177 0.00995551 -0.0435723 0  0  -0.0429227  
0.0117358 0.00995312 -0.0435721 0  0  -0.0429227  
0.0117408 0.00996715 -0.0435732 0  0  -0.0429227  
0.0117273 0.00996329 -0.0435673 0  0  -0.0429227  
0.0117271 0.00996117 -0.0435673 0  0  -0.0429227  
0.011714 0.00997918 -0.043577 0  0  -0.0429227  
0.0117042 0.00998252 -0.0435659 0  0  -0.0429227  
0.0117177 0.00997392 -0.0435538 0  0  -0.0429227  
0.0117209 0.00996539 -0.0435562 0  0  -0.0429227  
0.011731 0.0099762 -0.0435618 0  0  -0.0429227  
0.0117327 0.00997352 -0.0435534 0  0  -0.0429227  
0.0117459 0.00996722 -0.0435551 0  0  -0.0429227  
0.0117392 0.00997144 -0.043559 0  0  -0.0429227  
0.0117447 0.00996107 -0.0435381 0  0  -0.0429227  
0.0117268 0.00995831 -0.0435319 0  0  -0.0429227  
0.0117014 0.00996323 -0.0435466 0  0  -0.0429227  
0.0117142 0.00997327 -0.0435556 0  0  -0.0429227  
0.0117296 0.00996936 -0.043535 0  0  -0.0429227  
0.0117445 0.00996921 -0.0435378 0  0  -0.0429227  
0.0117489 0.00996926 -0.0435338 0  0  -0.0429227  
0.0117492 0.00996396 -0.0435179 0  0  -0.0429227  
0.0117511 0.00995527 -0.0435212 0  0  -0.0429227  
0.0117393 0.00995271 -0.043544 0  0  -0.0429227  
0.0117364 0.00995409 -0.0435555 0  0  -0.0429227  
0.0117372 0.00994751 -0.0435588 0  0  -0.0429227  
0.0117379 0.00995351 -0.0435544 0  0  -0.0429227  
0.0117299 0.0099722 -0.0435517 0  0  -0.0429227  
0.0117354 0.00996877 -0.0435349 0  0  -0.0429227  
0.0117695 0.0099534 -0.0435186 0  0  -0.0429227  
0.0117757 0.00997286 -0.0435537 0  0  -0.0429227  
0.0117623 0.00997226 -0.0435881 0  0  -0.0429227  
0.0117811 0.00996536 -0.0435741 0  0  -0.0429227  
0.0117756 0.00996544 -0.0435345 0  0  -0.0429227  
0.0117567 0.00997304 -0.043525 0  0  -0.0429227  
0.0117476 0.0099795 -0.0435532 0  0  -0.0429227  
0.0117668 0.00997019 -0.0435722 0  0  -0.0429227  
0.0117568 0.00996113 -0.0435548 0  0  -0.0429227  
0.0117464 0.00996747 -0.04355 0  0  -0.0429227  
0.0117512 0.00998379 -0.0435542 0  0  -0.0429227  
0.011736 0.00998407 -0.0435513 0  0  -0.0429227  
0.0117385 0.00998902 -0.0435471 0  0  -0.0429227  
0.0117487 0.00998455 -0.0435434 0  0  -0.0429227  
0.0117555 0.00997999 -0.0435597 0  0  -0.0429227  
0.0117528 0.00997266 -0.0435617 0  0  -0.0429227  
0.0117324 0.00998225 -0.0435659 0  0  -0.0429227  
0.0117171 0.0100032 -0.0435681 0  0  -0.0429227  
0.0117139 0.00999881 -0.043551 0  0  -0.0429227  
0.0117181 0.00998445 -0.0435258 0  0  -0.0429227  
0.0117258 0.0099808 -0.0435273 0  0  -0.0429227  
0.0117186 0.00999582 -0.0435416 0  0  -0.0429227  
0.011723 0.00999439 -0.043562 0  0  -0.0429227  
0.011742 0.0100021 -0.0435659 0  0  -0.0429227  
0.0117376 0.0100159 -0.0435517 0  0  -0.0429227  
0.0117368 0.0100197 -0.0435388 0  0  -0.0429227  
0.0117471 0.0100095 -0.0435543 0  0  -0.0429227  
0.0117471 0.0100019 -0.0435745 0  0  -0.0429227  
0.0117366 0.0100068 -0.0435803 0  0  -0.0429227  
0.0117452 0.00999291 -0.0435776 0  0  -0.0429227  
0.0117368 0.0100001 -0.0435771 0  0  -0.0429227  
0.0117387 0.0100063 -0.0435835 0  0  -0.0429227  
0.0117389 0.0100012 -0.0435718 0  0  -0.0429227  
0.0117446 0.0100145 -0.0435708 0  0  -0.0429227  
0.0117533 0.0100183 -0.0435594 0  0  -0.0429227  
0.011753 0.0100164 -0.043552 0  0  -0.0429227  
0.011743 0.0100007 -0.0435633 0  0  -0.0429227  
0.011744 0.00999104 -0.0435783 0  0  -0.0429227  
0.0117565 0.0100071 -0.043568 0  0  -0.0429227  
0.0117558 0.0100054 -0.0435669 0  0  -0.0429227  
0.0117519 0.0100092 -0.0435496 0  0  -0.0429227  
0.0117514 0.00999785 -0.0435486 0  0  -0.0429227  
0.0117455 0.00998589 -0.0435675 0  0  -0.0429227  
0.01175 0.00998142 -0.0435709 0  0  -0.0429227  
0.011757 0.00997701 -0.0435511 0  0  -0.0429227  
0.0117587 0.00999312 -0.0435594 0  0  -0.0429227  
0.011768 0.0100028 -0.0435778 0  0  -0.0429227  
0.0117693 0.0100085 -0.0435746 0  0  -0.0429227  
0.0117803 0.0100056 -0.0435538 0  0  -0.0429227  
0.0117759 0.00999076 -0.0435516 0  0  -0.0429227  
0.0117739 0.0100076 -0.0435651 0  0  -0.0429227  
0.0117909 0.00999862 -0.043566 0  0  -0.0429227  
0.0118125 0.00998243 -0.0435608 0  0  -0.0429227  
0.0118205 0.00999253 -0.0435621 0  0  -0.0429227  
0.0118078 0.0100039 -0.0435624 0  0  -0.0429227  
0.0117984 0.0100006 -0.0435577 0  0  -0.0429227  
0.0117925 0.00998432 -0.0435799 0  0  -0.0429227  
0.01179 0.00998121 -0.0435883 0  0  -0.0429227  
0.0117848 0.00997991 -0.0436008 0  0  -0.0429227  
0.011774 0.00997744 -0.0436013 0  0  -0.0429227  
0.0117667 0.00996404 -0.0436085 0  0  -0.0429227  
0.0117638 0.00996293 -0.043602 0  0  -0.0429227  
0.0117425 0.00996877 -0.0435998 0  0  -0.0429227  
0.0117418 0.00996247 -0.043602 0  0  -0.0429227  
0.0117365 0.00995256 -0.0435997 0  0  -0.0429227  
0.011741 0.00995438 -0.0435679 0  0  -0.0429227  
0.0117352 0.00997227 -0.0435611 0  0  -0.0429227  
0.0117236 0.00997237 -0.0435669 0  0  -0.0429227  
0.0117251 0.0099572 -0.0435703 0  0  -0.0429227  
0.0117299 0.00995882 -0.0435715 0  0  -0.0429227  
0.0117322 0.00996003 -0.0435642 0  0  -0.0429227  
0.0117328 0.00996923 -0.0435651 0  0  -0.0429227  
0.011718 0.00997727 -0.043576 0  0  -0.0429227  
0.0117031 0.00997668 -0.0435699 0  0  -0.0429227  
0.0117041 0.00997102 -0.0435817 0  0  -0.0429227  
0.0117162 0.00995589 -0.043593 0  0  -0.0429227  
0.0117008 0.00995627 -0.0435976 0  0  -0.0429227  
0.0117013 0.00995579 -0.0436061 0  0  -0.0429227  
0.0117211 0.0099365 -0.0435998 0  0  -0.0429227  
0.0117282 0.00994677 -0.0436085 0  0  -0.0429227  
0.0117275 0.00995899 -0.0435998 0  0  -0.0429227  
0.0117226 0.00995275 -0.0435985 0  0  -0.0429227  
0.011729 0.00994588 -0.0436053 0  0  -0.0429227  
0.0117371 0.00994115 -0.0436153 0  0  -0.0429227  
0.0117294 0.00993396 -0.0436065 0  0  -0.0429227  
0.0117117 0.00994732 -0.0436119 0  0  -0.0429227  
0.0117217 0.0099613 -0.0436228 0  0  -0.0429227  
0.0117139 0.00994954 -0.043614 0  0  -0.0429227  
0.0117196 0.00994493 -0.0436122 0  0  -0.0429227  
0.0117197 0.00994866 -0.0436153 0  0  -0.0429227  
0.0117215 0.00995032 -0.0436132 0  0  -0.0429227  
0.0117312 0.00993468 -0.0436085 0  0  -0.0429227  
0.0117534 0.0099407 -0.0435935 0  0  -0.0429227  
0.0117649 0.00995236 -0.0436013 0  0  -0.0429227  
0.0117618 0.00995131 -0.0436096 0  0  -0.0429227  
0.0117598 0.00994814 -0.0436085 0  0  -0.0429227  
0.0117634 0.00994812 -0.0436139 0  0  -0.0429227  
0.0117579 0.00994864 -0.0436094 0  0  -0.0429227  
0.011746 0.00994976 -0.0436205 0  0  -0.0429227  
0.0117303 0.00993499 -0.0436231 0  0  -0.0429227  
0.0117197 0.00993247 -0.0436003 0  0  -0.0429227  
0.0117023 0.00993321 -0.0436143 0  0  -0.0429227  
0.0117181 0.00993197 -0.0436119 0  0  -0.0429227  
0.0117321 0.00991386 -0.0435893 0  0  -0.0429227  
0.0117345 0.00990959 -0.0435852 0  0  -0.0429227  
0.0117193 0.0099258 -0.0435971 0  0  -0.0429227  
0.0117186 0.00991688 -0.0436025 0  0  -0.0429227  
0.0117149 0.00990468 -0.0435907 0  0  -0.0429227  
0.0117108 0.00989811 -0.0435938 0  0  -0.0429227  
0.0117145 0.00991665 -0.0436065 0  0  -0.0429227  
0.0117098 0.00991272 -0.0436318 0  0  -0.0429227  
0.0117155 0.00989455 -0.0436397 0  0  -0.0429227  
0.0117239 0.00988349 -0.0436179 0  0  -0.0429227  
0.0117091 0.00988407 -0.0436204 0  0  -0.0429227  
0.0117201 0.00989018 -0.0436102 0  0  -0.0429227  
0.0117338 0.00989912 -0.0436192 0  0  -0.0429227  
0.0117278 0.00989541 -0.0436285 0  0  -0.0429227  
0.0117258 0.00989291 -0.0436242 0  0  -0.0429227  
0.0117316 0.00989303 -0.0436265 0  0  -0.0429227  
0.0117478 0.00989112 -0.0436188 0  0  -0.0429227  
0.0117511 0.00989009 -0.0436455 0  0  -0.0429227  
0.0117432 0.00989265 -0.0436589 0  0  -0.0429227  
0.0117582 0.00989557 -0.0436447 0  0  -0.0429227  
0.0117652 0.0098949 -0.0436258 0  0  -0.0429227  
0.0117621 0.00989218 -0.0436193 0  0  -0.0429227  
0.0117584 0.00990583 -0.04362 0  0  -0.0429227  
0.0117641 0.00992114 -0.0436424 0  0  -0.0429227  
0.0117618 0.00992568 -0.0436199 0  0  -0.0429227  
0.0117483 0.00991049 -0.0436003 0  0  -0.0429227  
0.0117628 0.00991681 -0.043586 0  0  -0.0429227  
0.0117832 0.00992551 -0.0435943 0  0  -0.0429227  
0.0117741 0.00991394 -0.0436078 0  0  -0.0429227  
0.0117595 0.00990214 -0.0436008 0  0  -0.0429227  
0.0117337 0.00989438 -0.0435922 0  0  -0.0429227  
0.0117294 0.00990411 -0.0436153 0  0  -0.0429227  
0.0117345 0.00990921 -0.0436165 0  0  -0.0429227  
0.0117276 0.00992306 -0.0436022 0  0  -0.0429227  
0.0117318 0.00992171 -0.0436045 0  0  -0.0429227  
0.011748 0.00991322 -0.0436 0  0  -0.0429227  
0.0117487 0.0099272 -0.0436019 0  0  -0.0429227  
0.01173 0.00992598 -0.0436085 0  0  -0.0429227  
0.0117155 0.00993207 -0.0436173 0  0  -0.0429227  
0.0117377 0.00992952 -0.0436002 0  0  -0.0429227  
0.0117478 0.00992411 -0.0435912 0  0  -0.0429227  
0.0117357 0.00992819 -0.0435916 0  0  -0.0429227  
0.0117272 0.00994169 -0.0436049 0  0  -0.0429227  
0.0117152 0.00992537 -0.0436002 0  0  -0.0429227  
0.0117104 0.00993808 -0.0436062 0  0  -0.0429227  
0.0116879 0.00991443 -0.0436043 0  0  -0.0429227  
0.0116905 0.0099205 -0.0436076 0  0  -0.0429227  
0.0116952 0.0099257 -0.0436141 0  0  -0.0429227  
0.0116987 0.00991544 -0.0436037 0  0  -0.0429227  
0.0116968 0.00992433 -0.0436205 0  0  -0.0429227  
0.0117065 0.00992713 -0.0436326 0  0  -0.0429227  
0.0117023 0.00993001 -0.0436409 0  0  -0.0429227  
0.0117074 0.00993221 -0.0436433 0  0  -0.0429227  
0.011692 0.0099264 -0.0436511 0  0  -0.0429227  
0.0116758 0.00992773 -0.0436525 0  0  -0.0429227  
0.0116636 0.00994125 -0.0436475 0  0  -0.0429227  
0.0116841 0.00994544 -0.0436409 0  0  -0.0429227  
0.0116818 0.00992609 -0.043641 0  0  -0.0429227  
0.0116772 0.00991712 -0.0436537 0  0  -0.0429227  
0.0116714 0.00992624 -0.0436629 0  0  -0.0429227  
0.0116843 0.00992406 -0.0436539 0  0  -0.0429227  
0.0116813 0.00993083 -0.0436579 0  0  -0.0429227  
0.0116893 0.00992599 -0.0436679 0  0  -0.0429227  
0.0117023 0.00990987 -0.0436751 0  0  -0.0429227  
0.0117091 0.00990189 -0.0436776 0  0  -0.0429227  
0.0117085 0.00989759 -0.0436893 0  0  -0.0429227  
0.0116926 0.00989137 -0.0436738 0  0  -0.0429227  
0.0116779 0.00988951 -0.0436656 0  0  -0.0429227  
0.0116808 0.00988802 -0.0436668 0  0  -0.0429227  
0.0116852 0.00989869 -0.0436658 0  0  -0.0429227  
0.0116759 0.00992032 -0.0436715 0  0  -0.0429227  
0.0116635 0.00991542 -0.0436667 0  0  -0.0429227  
0.0116716 0.00990304 -0.0436789 0  0  -0.0429227  
0.011658 0.00988392 -0.0436752 0  0  -0.0429227  
0.011637 0.00988504 -0.0436739 0  0  -0.0429227  
0.0116446 0.00988708 -0.0436793 0  0  -0.0429227  
0.01165 0.00991059 -0.0436875 0  0  -0.0429227  
0.0116378 0.00991539 -0.0436908 0  0  -0.0429227  
0.0116395 0.00991542 -0.0436874 0  0  -0.0429227  
0.0116621 0.00990965 -0.0436872 0  0  -0.0429227  
0.0116513 0.00991414 -0.0436641 0  0  -0.0429227  
0.0116309 0.00992433 -0.0436659 0  0  -0.0429227  
0.0116485 0.00992236 -0.0436707 0  0  -0.0429227  
0.0116541 0.00991839 -0.0436665 0  0  -0.0429227  
0.0116531 0.00991037 -0.0436567 0  0  -0.0429227  
0.0116524 0.00990174 -0.0436437 0  0  -0.0429227  
0.0116593 0.00991217 -0.0436192 0  0  -0.0429227  
0.011641 0.0099202 -0.0436467 0  0  -0.0429227  
0.0116316 0.00992323 -0.0436799 0  0  -0.0429227  
0.0116324 0.00993007 -0.0436764 0  0  -0.0429227  
0.0116222 0.00994054 -0.0436702 0  0  -0.0429227  
0.0116141 0.00993889 -0.043677 0  0  -0.0429227  
0.0116243 0.00992925 -0.0436858 0  0  -0.0429227  
0.0116409 0.00992354 -0.0437013 0  0  -0.0429227  
0.0116411 0.00991206 -0.043716 0  0  -0.0429227  
0.0116349 0.00990805 -0.0437091 0  0  -0.0429227  
0.0115984 0.0099151 -0.0437007 0  0  -0.0429227  
0.0115884 0.0099292 -0.0437019 0  0  -0.0429227  
0.0116031 0.00993456 -0.0437075 0  0  -0.0429227  
0.0116138 0.00993207 -0.0437258 0  0  -0.0429227  
0.0116144 0.00993701 -0.0437351 0  0  -0.0429227  
0.011611 0.00994007 -0.0437272 0  0  -0.0429227  
0.011608 0.0099327 -0.0437534 0  0  -0.0429227  
0.0115989 0.00991796 -0.0437741 0  0  -0.0429227  
0.0115991 0.00991172 -0.0437611 0  0  -0.0429227  
0.0116107 0.00990817 -0.0437497 0  0  -0.0429227  
0.0116174 0.00990083 -0.0437541 0  0  -0.0429227  
0.0116106 0.0099076 -0.0437555 0  0  -0.0429227  
0.0116123 0.00991767 -0.0437531 0  0  -0.0429227  
0.0116209 0.00990015 -0.0437694 0  0  -0.0429227  
0.0116139 0.00989033 -0.0437529 0  0  -0.0429227  
0.0116214 0.00990723 -0.043739 0  0  -0.0429227  
0.0116249 0.00989946 -0.0437453 0  0  -0.0429227  
0.0116248 0.00988982 -0.043743 0  0  -0.0429227  
0.0116409 0.00988962 -0.043735 0  0  -0.0429227  
0.0116501 0.00988474 -0.0437458 0  0  -0.0429227  
0.0116573 0.00988501 -0.0437469 0  0  -0.0429227  
0.0116576 0.00989272 -0.0437359 0  0  -0.0429227  
0.0116646 0.00988232 -0.0437446 0  0  -0.0429227  
0.0116778 0.00987293 -0.0437536 0  0  -0.0429227  
0.0116781 0.00985876 -0.0437577 0  0  -0.0429227  
0.0116611 0.00984637 -0.04376 0  0  -0.0429227  
0.0116409 0.00985033 -0.0437597 0  0  -0.0429227  
0.0116288 0.00986071 -0.0437513 0  0  -0.0429227  
0.011629 0.00985687 -0.0437341 0  0  -0.0429227  
0.0116399 0.00985377 -0.0437344 0  0  -0.0429227  
0.0116419 0.00986143 -0.0437521 0  0  -0.0429227  
0.011641 0.00985354 -0.0437668 0  0  -0.0429227  
0.0116234 0.00984952 -0.0437593 0  0  -0.0429227  
0.0116142 0.00985208 -0.0437533 0  0  -0.0429227  
0.0116152 0.0098553 -0.0437743 0  0  -0.0429227  
0.0116238 0.00984108 -0.0437788 0  0  -0.0429227  
0.0116247 0.00985453 -0.0437625 0  0  -0.0429227  
0.0116315 0.00986612 -0.0437794 0  0  -0.0429227  
0.0116478 0.00986479 -0.0437895 0  0  -0.0429227  
0.011642 0.00986884 -0.0437804 0  0  -0.0429227  
0.0116457 0.00988923 -0.0437566 0  0  -0.0429227  
0.0116585 0.00987991 -0.0437539 0  0  -0.0429227  
0.0116422 0.00987793 -0.0437571 0  0  -0.0429227  
0.0116347 0.00986328 -0.0437492 0  0  -0.0429227  
0.01164 0.00986933 -0.0437544 0  0  -0.0429227  
0.0116286 0.00987102 -0.0437652 0  0  -0.0429227  
0.0116223 0.00987701 -0.0437677 0  0  -0.0429227  
0.0116224 0.00988733 -0.0437854 0  0  -0.0429227  
0.0116333 0.0098847 -0.0437739 0  0  -0.0429227  
0.0116307 0.0098803 -0.0437565 0  0  -0.0429227  
0.0116314 0.00988713 -0.0437477 0  0  -0.0429227  
0.0116328 0.00989541 -0.0437601 0  0  -0.0429227  
0.0116435 0.00988329 -0.0437551 0  0  -0.0429227  
0.0116521 0.00987278 -0.0437457 0  0  -0.0429227  
0.011664 0.00987441 -0.0437449 0  0  -0.0429227  
0.0116478 0.00989966 -0.0437648 0  0  -0.0429227  
0.0116291 0.00991891 -0.0437718 0  0  -0.0429227  
0.011637 0.00989838 -0.0437647 0  0  -0.0429227  
0.0116328 0.0098931 -0.0437589 0  0  -0.0429227  
0.0116363 0.00990007 -0.0437576 0  0  -0.0429227  
0.0116322 0.0099083 -0.0437538 0  0  -0.0429227  
0.011623 0.00990026 -0.0437457 0  0  -0.0429227  
0.011626 0.00991036 -0.0437635 0  0  -0.0429227  
0.0116305 0.00992489 -0.0437643 0  0  -0.0429227  
0.0116353 0.00993789 -0.0437821 0  0  -0.0429227  
0.0116328 0.00993428 -0.0437753 0  0  -0.0429227  
0.0116291 0.00993683 -0.0437727 0  0  -0.0429227  
0.0116275 0.00993124 -0.0437703 0  0  -0.0429227  
0.0116396 0.00992458 -0.0437728 0  0  -0.0429227  
0.0116386 0.00991754 -0.0437959 0  0  -0.0429227  
0.0116431 0.00992606 -0.0437968 0  0  -0.0429227  
0.0116447 0.00992689 -0.0437945 0  0  -0.0429227  
0.0116521 0.00993204 -0.0437977 0  0  -0.0429227  
0.0116546 0.00993812 -0.0437858 0  0  -0.0429227  
0.011647 0.00993185 -0.0437555 0  0  -0.0429227  
0.0116497 0.00992174 -0.043765 0  0  -0.0429227  
0.0116577 0.00991961 -0.0437609 0  0  -0.0429227  
0.011667 0.0099171 -0.0437515 0  0  -0.0429227  
0.0116423 0.00991108 -0.0437437 0  0  -0.0429227  
0.0116446 0.00990957 -0.0437404 0  0  -0.0429227  
0.0116524 0.00991551 -0.0437553 0  0  -0.0429227  
0.0116358 0.00991407 -0.0437447 0  0  -0.0429227  
0.0116223 0.00990547 -0.0437353 0  0  -0.0429227  
0.011628 0.00991922 -0.0437341 0  0  -0.0429227  
0.0116426 0.00991143 -0.0437261 0  0  -0.0429227  
0.0116246 0.00990416 -0.0437197 0  0  -0.0429227  
0.011618 0.00990729 -0.0437329 0  0  -0.0429227  
0.0116246 0.0099168 -0.0437455 0  0  -0.0429227  
0.0116305 0.00990784 -0.0437573 0  0  -0.0429227  
0.0116262 0.00990644 -0.0437557 0  0  -0.0429227  
0.0116076 0.00990085 -0.0437536 0  0  -0.0429227  
0.0116083 0.00990978 -0.0437373 0  0  -0.0429227  
0.0116356 0.0099174 -0.0437318 0  0  -0.0429227  
0.011652 0.00992897 -0.0437502 0  0  -0.0429227  
0.0116354 0.00992238 -0.0437715 0  0  -0.0429227  
0.0116149 0.00991503 -0.0437576 0  0  -0.0429227  
0.0116138 0.00992059 -0.0437263 0  0  -0.0429227  
0.0116003 0.00993008 -0.0437317 0  0  -0.0429227  
0.0115913 0.00993401 -0.0437458 0  0  -0.0429227  
0.0115874 0.00991762 -0.043754 0  0  -0.0429227  
0.0115904 0.00991358 -0.0437433 0  0  -0.0429227  
0.0115925 0.00991551 -0.0437346 0  0  -0.0429227  
0.0115764 0.00992139 -0.0437356 0  0  -0.0429227  
0.0115761 0.00994019 -0.0437276 0  0  -0.0429227  
0.0115916 0.00994655 -0.0437376 0  0  -0.0429227  
0.0115834 0.00993268 -0.0437232 0  0  -0.0429227  
0.011586 0.00994495 -0.0437187 0  0  -0.0429227  
0.0116065 0.00993983 -0.043729 0  0  -0.0429227  
0.0115992 0.00993194 -0.0437443 0  0  -0.0429227  
0.0115748 0.00992513 -0.0437334 0  0  -0.0429227  
0.0115709 0.00992277 -0.0437287 0  0  -0.0429227  
0.01157 0.00992149 -0.0437454 0  0  -0.0429227  
0.0115793 0.00991812 -0.0437594 0  0  -0.0429227  
0.011572 0.00993537 -0.0437628 0  0  -0.0429227  
0.0115557 0.00994539 -0.0437701 0  0  -0.0429227  
0.0115638 0.0099313 -0.0437715 0  0  -0.0429227  
0.0115813 0.00992701 -0.043772 0  0  -0.0429227  
0.0115732 0.00991486 -0.0437875 0  0  -0.0429227  
0.0115735 0.00992167 -0.0437797 0  0  -0.0429227  
0.0115796 0.00991664 -0.0437723 0  0  -0.0429227  
0.0115733 0.00991208 -0.0437739 0  0  -0.0429227  
0.0115683 0.0099213 -0.0437754 0  0  -0.0429227  
0.0115632 0.0099121 -0.0437697 0  0  -0.0429227  
0.0115541 0.00990925 -0.0437764 0  0  -0.0429227  
0.0115401 0.00991995 -0.0437987 0  0  -0.0429227  
0.0115197 0.00993835 -0.0438238 0  0  -0.0429227  
0.0115338 0.00993771 -0.0438189 0  0  -0.0429227  
0.0115336 0.00992846 -0.0438038 0  0  -0.0429227  
0.0115419 0.00992096 -0.0437807 0  0  -0.0429227  
0.0115688 0.00991957 -0.043787 0  0  -0.0429227  
0.0115733 0.00993062 -0.0438038 0  0  -0.0429227  
0.0115746 0.00995633 -0.0438044 0  0  -0.0429227  
0.0115663 0.00996127 -0.0438143 0  0  -0.0429227  
0.0115561 0.00995693 -0.0438029 0  0  -0.0429227  
0.0115578 0.00996348 -0.0437995 0  0  -0.0429227  
0.0115696 0.00996736 -0.0437976 0  0  -0.0429227  
0.0115758 0.00995287 -0.0437915 0  0  -0.0429227  
0.0115726 0.00993288 -0.0437945 0  0  -0.0429227  
0.0115748 0.00994538 -0.0437952 0  0  -0.0429227  
0.0115696 0.00995602 -0.0437977 0  0  -0.0429227  
0.0115731 0.00995352 -0.0437902 0  0  -0.0429227  
0.011575 0.0099497 -0.0437815 0  0  -0.0429227  
0.011583 0.00994369 -0.0437679 0  0  -0.0429227  
0.0115829 0.00993365 -0.043756 0  0  -0.0429227  
0.011582 0.00991793 -0.0437516 0  0  -0.0429227  
0.0115916 0.00991559 -0.043755 0  0  -0.0429227  
0.0115981 0.00991715 -0.0437486 0  0  -0.0429227  
0.0115955 0.00991513 -0.0437439 0  0  -0.0429227  
0.011591 0.00990914 -0.0437382 0  0  -0.0429227  
0.0115845 0.00990321 -0.0437302 0  0  -0.0429227  
0.01159 0.009897 -0.0437228 0  0  -0.0429227  
0.0115865 0.00990446 -0.0437223 0  0  -0.0429227  
0.0115943 0.00991516 -0.043719 0  0  -0.0429227  
0.0115861 0.0099228 -0.0437193 0  0  -0.0429227  
0.0115996 0.00991144 -0.0437294 0  0  -0.0429227  
0.0116261 0.00990789 -0.0437166 0  0  -0.0429227  
0.0116362 0.00991379 -0.0437231 0  0  -0.0429227  
0.0116298 0.00992717 -0.0437383 0  0  -0.0429227  
0.0116181 0.0099224 -0.0437216 0  0  -0.0429227  
0.0116145 0.00993165 -0.0436987 0  0  -0.0429227  
0.0116131 0.00993563 -0.0436855 0  0  -0.0429227  
0.0116105 0.00994957 -0.0437084 0  0  -0.0429227  
0.0116107 0.00994357 -0.0437103 0  0  -0.0429227  
0.0116017 0.00993106 -0.0437214 0  0  -0.0429227  
0.0116128 0.00991768 -0.0437144 0  0  -0.0429227  
0.0116084 0.00992168 -0.0437128 0  0  -0.0429227  
0.0115755 0.00991913 -0.0437216 0  0  -0.0429227  
0.0115744 0.00990208 -0.0436939 0  0  -0.0429227  
0.0115869 0.00990096 -0.04369 0  0  -0.0429227  
0.0116022 0.00991386 -0.0437105 0  0  -0.0429227  
0.0116037 0.0099342 -0.0437133 0  0  -0.0429227  
0.0116052 0.00992145 -0.043726 0  0  -0.0429227  
0.0116022 0.00990279 -0.0437173 0  0  -0.0429227  
0.0115916 0.00990902 -0.0437281 0  0  -0.0429227  
0.0115947 0.00989849 -0.0437472 0  0  -0.0429227  
0.0115882 0.00989405 -0.0437552 0  0  -0.0429227  
0.0116027 0.00989512 -0.0437545 0  0  -0.0429227  
0.0116184 0.00988616 -0.043737 0  0  -0.0429227  
0.011632 0.00988277 -0.0437278 0  0  -0.0429227  
0.01164 0.00989387 -0.0437246 0  0  -0.0429227  
0.0116402 0.00991989 -0.0437304 0  0  -0.0429227  
0.0116143 0.00990878 -0.0437173 0  0  -0.0429227  
0.0115996 0.00989001 -0.0437165 0  0  -0.0429227  
0.0116096 0.00989846 -0.0437198 0  0  -0.0429227  
0.0116229 0.00990602 -0.043719 0  0  -0.0429227  
0.0116322 0.00990004 -0.0437108 0  0  -0.0429227  
0.0116303 0.00990248 -0.0437135 0  0  -0.0429227  
0.0116188 0.00989149 -0.0437118 0  0  -0.0429227  
0.0116193 0.00988108 -0.0437244 0  0  -0.0429227  
0.0116089 0.00987977 -0.0437353 0  0  -0.0429227  
0.0116124 0.00989337 -0.0437329 0  0  -0.0429227  
0.0116137 0.00988715 -0.043721 0  0  -0.0429227  
0.0116064 0.00987673 -0.0437364 0  0  -0.0429227  
0.0116224 0.00986927 -0.0437519 0  0  -0.0429227  
0.011632 0.00987065 -0.0437477 0  0  -0.0429227  
0.0116267 0.00988311 -0.0437534 0  0  -0.0429227  
0.0116238 0.00988135 -0.0437498 0  0  -0.0429227  
0.0116238 0.00988418 -0.0437367 0  0  -0.0429227  
0.0116137 0.00988639 -0.0437303 0  0  -0.0429227  
0.0116152 0.00988899 -0.0437322 0  0  -0.0429227  
0.0116145 0.00990669 -0.043754 0  0  -0.0429227  
0.0116069 0.00989967 -0.0437513 0  0  -0.0429227  
0.0116046 0.00988914 -0.0437584 0  0  -0.0429227  
0.011611 0.00988465 -0.0437468 0  0  -0.0429227  
0.0115937 0.00989865 -0.0437498 0  0  -0.0429227  
0.0115831 0.00990558 -0.0437691 0  0  -0.0429227  
0.0115699 0.00991293 -0.0437744 0  0  -0.0429227  
0.0115629 0.00992236 -0.043796 0  0  -0.0429227  
0.0115805 0.00991573 -0.0438147 0  0  -0.0429227  
0.011591 0.00989518 -0.0438109 0  0  -0.0429227  
0.0115936 0.00990025 -0.0438043 0  0  -0.0429227  
0.0115958 0.00988896 -0.0438032 0  0  -0.0429227  
0.0115884 0.00989478 -0.0437972 0  0  -0.0429227  
0.0115734 0.00989595 -0.0438057 0  0  -0.0429227  
0.0115664 0.00990661 -0.0438029 0  0  -0.0429227  
0.0115604 0.00990197 -0.0438002 0  0  -0.0429227  
0.0115626 0.00990628 -0.0438192 0  0  -0.0429227  
0.0115766 0.00991468 -0.0438077 0  0  -0.0429227  
0.0115785 0.00991968 -0.0438139 0  0  -0.0429227  
0.011581 0.00991365 -0.0438148 0  0  -0.0429227  
0.011577 0.00990739 -0.0437995 0  0  -0.0429227  
0.0115811 0.00990157 -0.0437974 0  0  -0.0429227  
0.0115708 0.00989718 -0.0438009 0  0  -0.0429227  
0.0115564 0.00989001 -0.0438074 0  0  -0.0429227  
0.0115635 0.0098885 -0.0437979 0  0  -0.0429227  
0.011565 0.00990078 -0.0437986 0  0  -0.0429227  
0.0115706 0.00990102 -0.0438102 0  0  -0.0429227  
0.0115581 0.00990995 -0.0438124 0  0  -0.0429227  
0.0115612 0.00989639 -0.0437997 0  0  -0.0429227  
0.011552 0.00991192 -0.04382 0  0  -0.0429227  
0.0115448 0.00992331 -0.0438321 0  0  -0.0429227  
0.0115525 0.00991251 -0.0438216 0  0  -0.0429227  
0.0115603 0.0099005 -0.0438144 0  0  -0.0429227  
0.0115526 0.00989532 -0.0438202 0  0  -0.0429227  
0.011547 0.00989796 -0.043826 0  0  -0.0429227  
0.0115472 0.00990011 -0.0438406 0  0  -0.0429227  
0.0115443 0.00991827 -0.0438326 0  0  -0.0429227  
0.0115401 0.00991209 -0.0438343 0  0  -0.0429227  
0.0115401 0.00988453 -0.0438481 0  0  -0.0429227  
0.0115378 0.00986703 -0.0438554 0  0  -0.0429227  
0.0115422 0.00987785 -0.0438478 0  0  -0.0429227  
0.0115341 0.00988652 -0.0438598 0  0  -0.0429227  
0.0115271 0.00988559 -0.0438624 0  0  -0.0429227  
0.0115227 0.00988714 -0.0438704 0  0  -0.0429227  
0.0115157 0.00987733 -0.0438561 0  0  -0.0429227  
0.011519 0.00987596 -0.0438528 0  0  -0.0429227  
0.0115228 0.00989202 -0.0438567 0  0  -0.0429227  
0.0115161 0.00989985 -0.043856 0  0  -0.0429227  
0.0115049 0.00989843 -0.0438605 0  0  -0.0429227  
0.011508 0.00990986 -0.0438677 0  0  -0.0429227  
0.0115091 0.00990696 -0.0438706 0  0  -0.0429227  
0.0115144 0.00989327 -0.0438601 0  0  -0.0429227  
0.0115068 0.009897 -0.0438626 0  0  -0.0429227  
0.0115166 0.00990807 -0.0438658 0  0  -0.0429227  
0.0115345 0.00991632 -0.0438652 0  0  -0.0429227  
0.0115217 0.00990049 -0.0438613 0  0  -0.0429227  
0.0115194 0.00988668 -0.0438505 0  0  -0.0429227  
0.0115227 0.00990277 -0.0438395 0  0  -0.0429227  
0.0115243 0.00989343 -0.0438447 0  0  -0.0429227  
0.0115323 0.00988626 -0.0438683 0  0  -0.0429227  
0.0115367 0.00989737 -0.0438723 0  0  -0.0429227  
0.0115536 0.00989241 -0.0438867 0  0  -0.0429227  
0.0115546 0.00987093 -0.0438782 0  0  -0.0429227  
0.0115436 0.00988304 -0.0438644 0  0  -0.0429227  
0.0115533 0.00987041 -0.0438669 0  0  -0.0429227  
0.011565 0.00985746 -0.0438769 0  0  -0.0429227  
0.0115652 0.00988019 -0.0438689 0  0  -0.0429227  
0.0115723 0.00989418 -0.043873 0  0  -0.0429227  
0.0115616 0.00987581 -0.0438905 0  0  -0.0429227  
0.0115443 0.00987073 -0.0439001 0  0  -0.0429227  
0.0115474 0.00985847 -0.0438958 0  0  -0.0429227  
0.011569 0.0098646 -0.0438954 0  0  -0.0429227  
0.0115842 0.00987795 -0.0438914 0  0  -0.0429227  
0.0115687 0.00987893 -0.0438946 0  0  -0.0429227  
0.0115579 0.00988459 -0.0438778 0  0  -0.0429227  
0.0115541 0.00988401 -0.0438868 0  0  -0.0429227  
0.0115584 0.00987337 -0.0438911 0  0  -0.0429227  
0.0115515 0.00987322 -0.0438979 0  0  -0.0429227  
0.0115363 0.00986098 -0.0438906 0  0  -0.0429227  
0.0115557 0.00985909 -0.0438913 0  0  -0.0429227  
0.0115598 0.00985911 -0.0438901 0  0  -0.0429227  
0.0115593 0.00985645 -0.0438866 0  0  -0.0429227  
0.0115732 0.00985569 -0.0438699 0  0  -0.0429227  
0.0115643 0.0098584 -0.043867 0  0  -0.0429227  
0.0115593 0.00985648 -0.0438825 0  0  -0.0429227  
0.0115548 0.0098556 -0.0438883 0  0  -0.0429227  
0.0115546 0.0098568 -0.043889 0  0  -0.0429227  
0.0115548 0.00985945 -0.0439142 0  0  -0.0429227  
0.0115638 0.00984162 -0.0439231 0  0  -0.0429227  
0.0115572 0.00983796 -0.0439289 0  0  -0.0429227  
0.0115458 0.00983253 -0.0439313 0  0  -0.0429227  
0.0115308 0.0098167 -0.0439252 0  0  -0.0429227  
0.0115395 0.00982258 -0.0439391 0  0  -0.0429227  
0.0115316 0.00983913 -0.0439531 0  0  -0.0429227  
0.0115167 0.0098428 -0.0439531 0  0  -0.0429227  
0.0115339 0.00984528 -0.0439398 0  0  -0.0429227  
0.0115388 0.0098479 -0.0439291 0  0  -0.0429227  
0.0115452 0.00984482 -0.0439292 0  0  -0.0429227  
0.0115649 0.00984952 -0.0439266 0  0  -0.0429227  
0.0115635 0.00985756 -0.0439293 0  0  -0.0429227  
0.0115601 0.00984905 -0.04393 0  0  -0.0429227  
0.011565 0.00983986 -0.0439396 0  0  -0.0429227  
0.0115493 0.00985146 -0.0439416 0  0  -0.0429227  
0.0115432 0.00986384 -0.0439186 0  0  -0.0429227  
0.011527 0.00986761 -0.0439207 0  0  -0.0429227  
0.0115271 0.00985153 -0.0439344 0  0  -0.0429227  
0.0115443 0.00984604 -0.0439223 0  0  -0.0429227  
0.0115429 0.00984773 -0.0439187 0  0  -0.0429227  
0.011533 0.00985374 -0.0439169 0  0  -0.0429227  
0.0115267 0.00986025 -0.0439045 0  0  -0.0429227  
0.011528 0.00986833 -0.0439085 0  0  -0.0429227  
0.0115346 0.00985245 -0.0439162 0  0  -0.0429227  
0.0115276 0.00983131 -0.0438893 0  0  -0.0429227  
0.0115003 0.00982927 -0.0438739 0  0  -0.0429227  
0.0114789 0.00984156 -0.0438736 0  0  -0.0429227  
0.0115103 0.00983556 -0.0438961 0  0  -0.0429227  
0.0115211 0.00982931 -0.0438656 0  0  -0.0429227  
0.0115162 0.00982978 -0.0438459 0  0  -0.0429227  
0.0115039 0.00983748 -0.0438461 0  0  -0.0429227  
0.0114842 0.00984302 -0.043848 0  0  -0.0429227  
0.0114901 0.00983672 -0.043847 0  0  -0.0429227  
0.0115033 0.00982483 -0.0438453 0  0  -0.0429227  
0.0115114 0.00981868 -0.0438465 0  0  -0.0429227  
0.0115037 0.00981173 -0.0438598 0  0  -0.0429227  
0.0115008 0.00981694 -0.0438699 0  0  -0.0429227  
0.0115017 0.00981798 -0.0438591 0  0  -0.0429227  
0.0115015 0.00979886 -0.0438643 0  0  -0.0429227  
0.0115206 0.00980058 -0.0438766 0  0  -0.0429227  
0.0115271 0.00983007 -0.0438741 0  0  -0.0429227  
0.0115066 0.00984438 -0.0438769 0  0  -0.0429227  
0.0114805 0.00984467 -0.0438637 0  0  -0.0429227  
0.011488 0.00982836 -0.043865 0  0  -0.0429227  
0.0114888 0.00982049 -0.0438659 0  0  -0.0429227  
0.0114791 0.00982061 -0.0438438 0  0  -0.0429227  
0.0114786 0.00982506 -0.0438424 0  0  -0.0429227  
0.0114659 0.00982986 -0.0438457 0  0  -0.0429227  
0.011465 0.00982007 -0.0438497 0  0  -0.0429227  
0.0114691 0.00983678 -0.0438515 0  0  -0.0429227  
0.01149 0.00985165 -0.0438477 0  0  -0.0429227  
0.0115008 0.00986927 -0.0438488 0  0  -0.0429227  
0.0114905 0.00987919 -0.0438383 0  0  -0.0429227  
0.0114926 0.00987482 -0.0438296 0  0  -0.0429227  
0.0114867 0.00986736 -0.0438216 0  0  -0.0429227  
0.0114739 0.00986465 -0.0438261 0  0  -0.0429227  
0.0114841 0.00986948 -0.0438411 0  0  -0.0429227  
0.0114822 0.00986635 -0.043862 0  0  -0.0429227  
0.011458 0.00986953 -0.0438647 0  0  -0.0429227  
0.0114536 0.00986986 -0.0438568 0  0  -0.0429227  
0.0114688 0.00988242 -0.0438486 0  0  -0.0429227  
0.0114692 0.00989347 -0.043845 0  0  -0.0429227  
0.0114849 0.00988548 -0.0438487 0  0  -0.0429227  
0.0115001 0.00987823 -0.0438556 0  0  -0.0429227  
0.0115019 0.00988313 -0.0438639 0  0  -0.0429227  
0.0114989 0.00988317 -0.0438549 0  0  -0.0429227  
0.0114893 0.00989036 -0.04387 0  0  -0.0429227  
0.0115077 0.00988365 -0.0438601 0  0  -0.0429227  
0.0115307 0.00988033 -0.0438365 0  0  -0.0429227  
0.0115292 0.00989145 -0.0438477 0  0  -0.0429227  
0.0115128 0.00989968 -0.0438635 0  0  -0.0429227  
0.0115076 0.00988769 -0.0438812 0  0  -0.0429227  
0.0115005 0.00987823 -0.0438871 0  0  -0.0429227  
0.0115108 0.00987192 -0.0438661 0  0  -0.0429227  
0.0115156 0.00987283 -0.0438671 0  0  -0.0429227  
0.011506 0.00987064 -0.0438781 0  0  -0.0429227  
0.0115212 0.00987482 -0.043887 0  0  -0.0429227  
0.0115156 0.00989104 -0.0438767 0  0  -0.0429227  
0.0115039 0.00988609 -0.043861 0  0  -0.0429227  
0.0115082 0.00988521 -0.0438514 0  0  -0.0429227  
0.0115091 0.00988507 -0.0438458 0  0  -0.0429227  
0.0115095 0.00987781 -0.0438488 0  0  -0.0429227  
0.0115103 0.00987595 -0.0438518 0  0  -0.0429227  
0.0114923 0.00987062 -0.0438326 0  0  -0.0429227  
0.0114927 0.00988 -0.0438291 0  0  -0.0429227  
0.0115122 0.00988526 -0.0438403 0  0  -0.0429227  
0.0115063 0.00988405 -0.0438461 0  0  -0.0429227  
0.011487 0.00987507 -0.0438397 0  0  -0.0429227  
0.0114622 0.00984809 -0.0438439 0  0  -0.0429227  
0.0114612 0.00985118 -0.0438307 0  0  -0.0429227  
0.0114564 0.00986804 -0.0438353 0  0  -0.0429227  
0.011473 0.00987376 -0.0438474 0  0  -0.0429227  
0.011484 0.00988172 -0.0438571 0  0  -0.0429227  
0.0114681 0.00988306 -0.0438656 0  0  -0.0429227  
0.0114703 0.00988611 -0.0438728 0  0  -0.0429227  
0.0114884 0.00989515 -0.0438637 0  0  -0.0429227  
0.0114835 0.00989043 -0.043858 0  0  -0.0429227  
0.0114939 0.0099009 -0.0438474 0  0  -0.0429227  
0.0115052 0.00990297 -0.0438424 0  0  -0.0429227  
0.0115017 0.00989181 -0.0438303 0  0  -0.0429227  
0.011487 0.00988473 -0.0438337 0  0  -0.0429227  
0.0114739 0.00990708 -0.0438325 0  0  -0.0429227  
0.0114637 0.00990835 -0.0438339 0  0  -0.0429227  
0.0114468 0.00991499 -0.0438433 0  0  -0.0429227  
0.0114589 0.00990502 -0.0438374 0  0  -0.0429227  
0.0114617 0.00990416 -0.0438436 0  0  -0.0429227  
0.0114654 0.00990118 -0.0438414 0  0  -0.0429227  
0.0114674 0.00988852 -0.0438148 0  0  -0.0429227  
0.0114637 0.00989123 -0.0438132 0  0  -0.0429227  
0.0114718 0.00990014 -0.0438153 0  0  -0.0429227  
0.0114868 0.00989732 -0.0438189 0  0  -0.0429227  
0.0114829 0.0099041 -0.0438046 0  0  -0.0429227  
0.0114811 0.00989957 -0.0438042 0  0  -0.0429227  
0.0114925 0.00987866 -0.0437994 0  0  -0.0429227  
0.0115017 0.0098714 -0.0438018 0  0  -0.0429227  
0.0115005 0.00987231 -0.0438152 0  0  -0.0429227  
0.0114868 0.00987461 -0.0438196 0  0  -0.0429227  
0.0114998 0.00986555 -0.0438157 0  0  -0.0429227  
0.0114898 0.00985987 -0.0438139 0  0  -0.0429227  
0.0114777 0.0098719 -0.0438183 0  0  -0.0429227  
0.0114905 0.00986677 -0.0438006 0  0  -0.0429227  
0.0114838 0.00985683 -0.0438224 0  0  -0.0429227  
0.011474 0.0098596 -0.0438514 0  0  -0.0429227  
0.0114765 0.00986205 -0.0438501 0  0  -0.0429227  
0.0114719 0.00985676 -0.0438412 0  0  -0.0429227  
0.011457 0.00986554 -0.0438316 0  0  -0.0429227  
0.0114482 0.0098787 -0.043836 0  0  -0.0429227  
0.0114692 0.00985209 -0.0438477 0  0  -0.0429227  
0.0114697 0.00984058 -0.0438443 0  0  -0.0429227  
0.0114659 0.00985431 -0.0438352 0  0  -0.0429227  
0.0114814 0.00985253 -0.0438282 0  0  -0.0429227  
0.0114872 0.00985198 -0.0438558 0  0  -0.0429227  
0.0114597 0.00985362 -0.0438585 0  0  -0.0429227  
0.0114361 0.00984529 -0.0438582 0  0  -0.0429227  
0.0114527 0.00985452 -0.0438575 0  0  -0.0429227  
0.0114333 0.00985958 -0.0438573 0  0  -0.0429227  
0.0114381 0.00985206 -0.0438584 0  0  -0.0429227  
0.011443 0.00986906 -0.0438401 0  0  -0.0429227  
0.0114417 0.0098684 -0.043827 0  0  -0.0429227  
0.0114355 0.00987667 -0.043837 0  0  -0.0429227  
0.0114183 0.00987587 -0.0438508 0  0  -0.0429227  
0.0114075 0.00986453 -0.0438586 0  0  -0.0429227  
0.0114228 0.00985023 -0.0438677 0  0  -0.0429227  
0.0114219 0.0098447 -0.0438504 0  0  -0.0429227  
0.0114171 0.00984033 -0.0438638 0  0  -0.0429227  
0.0114037 0.00985864 -0.0438616 0  0  -0.0429227  
0.0114023 0.00986344 -0.0438474 0  0  -0.0429227  
0.0114127 0.00985889 -0.0438359 0  0  -0.0429227  
0.0114018 0.0098568 -0.0438331 0  0  -0.0429227  
0.011402 0.00986176 -0.0438274 0  0  -0.0429227  
0.0114055 0.00987044 -0.0438145 0  0  -0.0429227  
0.0113994 0.00987086 -0.043799 0  0  -0.0429227  
0.011408 0.00987564 -0.043798 0  0  -0.0429227  
0.0114015 0.00988734 -0.0438037 0  0  -0.0429227  
0.0113978 0.00987579 -0.043798 0  0  -0.0429227  
0.0113978 0.00987287 -0.0437787 0  0  -0.0429227  
0.011413 0.0098691 -0.0437791 0  0  -0.0429227  
0.0114161 0.0098653 -0.0437865 0  0  -0.0429227  
0.0113959 0.00985926 -0.0437928 0  0  -0.0429227  
0.0114177 0.00986439 -0.0437921 0  0  -0.0429227  
0.0114139 0.00986586 -0.0437916 0  0  -0.0429227  
0.0114026 0.00986822 -0.0437897 0  0  -0.0429227  
0.0114023 0.00987207 -0.0438128 0  0  -0.0429227  
0.0114058 0.00985314 -0.0438044 0  0  -0.0429227  
0.0114062 0.00984075 -0.043816 0  0  -0.0429227  
0.011395 0.00985036 -0.043831 0  0  -0.0429227  
0.0113982 0.00986222 -0.0438297 0  0  -0.0429227  
0.0114185 0.00986337 -0.0438165 0  0  -0.0429227  
0.0114171 0.00986094 -0.0438194 0  0  -0.0429227  
0.0114169 0.00985112 -0.0438181 0  0  -0.0429227  
0.0114094 0.00986262 -0.0438163 0  0  -0.0429227  
0.0113913 0.00985697 -0.0438375 0  0  -0.0429227  
0.0113937 0.0098523 -0.0438586 0  0  -0.0429227  
0.0114054 0.00985595 -0.0438631 0  0  -0.0429227  
0.011403 0.00985166 -0.0438511 0  0  -0.0429227  
0.0114044 0.00986422 -0.0438464 0  0  -0.0429227  
0.0114126 0.0098657 -0.0438656 0  0  -0.0429227  
0.0114064 0.0098626 -0.0438661 0  0  -0.0429227  
0.0114102 0.00985337 -0.0438746 0  0  -0.0429227  
0.0114297 0.00984881 -0.0438987 0  0  -0.0429227  
0.0114499 0.00984062 -0.0438835 0  0  -0.0429227  
0.0114631 0.00984224 -0.0438752 0  0  -0.0429227  
0.0114542 0.00984929 -0.0438819 0  0  -0.0429227  
0.0114348 0.0098541 -0.043854 0  0  -0.0429227  
0.0114319 0.00985256 -0.0438525 0  0  -0.0429227  
0.0114685 0.00984825 -0.0438614 0  0  -0.0429227  
0.0114865 0.00984002 -0.0438663 0  0  -0.0429227  
0.0114969 0.00984446 -0.043859 0  0  -0.0429227  
0.011514 0.00984086 -0.0438701 0  0  -0.0429227  
0.0114947 0.00983852 -0.0438764 0  0  -0.0429227  
0.0114954 0.00984172 -0.043875 0  0  -0.0429227  
0.0115005 0.00984018 -0.0438664 0  0  -0.0429227  
0.011516 0.00981484 -0.043865 0  0  -0.0429227  
0.0115192 0.00980495 -0.0438692 0  0  -0.0429227  
0.0114921 0.00982039 -0.0438675 0  0  -0.0429227  
0.0114829 0.00981249 -0.0438562 0  0  -0.0429227  
0.011495 0.00981779 -0.0438702 0  0  -0.0429227  
0.011509 0.00981316 -0.0438579 0  0  -0.0429227  
0.0115253 0.00980455 -0.043851 0  0  -0.0429227  
0.0115186 0.00979525 -0.0438527 0  0  -0.0429227  
0.0115042 0.00979462 -0.0438379 0  0  -0.0429227  
0.0114868 0.00979895 -0.0438261 0  0  -0.0429227  
0.0114971 0.0098039 -0.0438337 0  0  -0.0429227  
0.0114926 0.00980435 -0.0438321 0  0  -0.0429227  
0.0114846 0.0098014 -0.043823 0  0  -0.0429227  
0.0114764 0.00980492 -0.0438254 0  0  -0.0429227  
0.0114687 0.00981689 -0.0438352 0  0  -0.0429227  
0.0114849 0.00981027 -0.0438092 0  0  -0.0429227  
0.0114945 0.00981185 -0.0438051 0  0  -0.0429227  
0.0114864 0.00982504 -0.0438021 0  0  -0.0429227  
0.0114741 0.00983214 -0.0438075 0  0  -0.0429227  
0.0114921 0.00983612 -0.0438187 0  0  -0.0429227  
0.0114973 0.00982407 -0.0438124 0  0  -0.0429227  
0.0114898 0.00981902 -0.0438245 0  0  -0.0429227  
0.0114879 0.00980804 -0.0438243 0  0  -0.0429227  
0.0114669 0.00979964 -0.0438156 0  0  -0.0429227  
0.0114453 0.00979686 -0.0438058 0  0  -0.0429227  
0.0114404 0.00979792 -0.0438159 0  0  -0.0429227  
0.0114244 0.00980783 -0.0438264 0  0  -0.0429227  
0.0114085 0.00980079 -0.0438371 0  0  -0.0429227  
0.0114075 0.00979187 -0.0438401 0  0  -0.0429227  
0.0114039 0.00978551 -0.0438397 0  0  -0.0429227  
0.0114064 0.00978922 -0.0438416 0  0  -0.0429227  
0.0114227 0.00979919 -0.0438324 0  0  -0.0429227  
0.0114254 0.00979306 -0.0438397 0  0  -0.0429227  
0.0114322 0.00978431 -0.0438547 0  0  -0.0429227  
0.0114203 0.00979499 -0.0438675 0  0  -0.0429227  
0.0114202 0.00980178 -0.0438682 0  0  -0.0429227  
0.0114195 0.00979046 -0.043868 0  0  -0.0429227  
0.0114268 0.00978677 -0.0438756 0  0  -0.0429227  
0.011419 0.00978941 -0.0438908 0  0  -0.0429227  
0.0114177 0.00977997 -0.0439001 0  0  -0.0429227  
0.0114198 0.00978299 -0.0439126 0  0  -0.0429227  
0.0114298 0.00980929 -0.0439178 0  0  -0.0429227  
0.0114305 0.00980903 -0.0439058 0  0  -0.0429227  
0.0114183 0.00979986 -0.0438965 0  0  -0.0429227  
0.0114286 0.0097922 -0.0439064 0  0  -0.0429227  
0.0114422 0.00980072 -0.0439077 0  0  -0.0429227  
0.0114476 0.00980126 -0.0439002 0  0  -0.0429227  
0.0114459 0.00979178 -0.0439127 0  0  -0.0429227  
0.0114533 0.00978771 -0.0439021 0  0  -0.0429227  
0.0114644 0.0097978 -0.0438884 0  0  -0.0429227  
0.0114606 0.00978331 -0.0438934 0  0  -0.0429227  
0.0114483 0.00977644 -0.043899 0  0  -0.0429227  
0.0114298 0.00977667 -0.0439074 0  0  -0.0429227  
0.0114094 0.00978414 -0.0439124 0  0  -0.0429227  
0.0114118 0.00977929 -0.0439048 0  0  -0.0429227  
0.0114208 0.00977965 -0.0439038 0  0  -0.0429227  
0.0114306 0.00978676 -0.0439102 0  0  -0.0429227  
0.0114412 0.0097972 -0.0439092 0  0  -0.0429227  
0.0114388 0.00978755 -0.0439036 0  0  -0.0429227  
0.0114438 0.00978534 -0.0438855 0  0  -0.0429227  
0.0114324 0.00979697 -0.0439142 0  0  -0.0429227  
0.0114336 0.00979571 -0.0439161 0  0  -0.0429227  
0.0114394 0.00978614 -0.0439098 0  0  -0.0429227  
0.0114387 0.00978683 -0.0439191 0  0  -0.0429227  
0.0114305 0.00978755 -0.0439131 0  0  -0.0429227  
0.0114249 0.00977016 -0.0439063 0  0  -0.0429227  
0.0114307 0.0097829 -0.0439029 0  0  -0.0429227  
0.0114423 0.00979815 -0.043919 0  0  -0.0429227  
0.0114474 0.00978264 -0.0439372 0  0  -0.0429227  
0.0114321 0.00977343 -0.0439395 0  0  -0.0429227  
0.0114358 0.00977581 -0.0439319 0  0  -0.0429227  
0.0114373 0.00976484 -0.043918 0  0  -0.0429227  
0.0114287 0.00976236 -0.0439088 0  0  -0.0429227  
0.0114335 0.00977116 -0.0439225 0  0  -0.0429227  
0.0114395 0.00977573 -0.043948 0  0  -0.0429227  
0.0114286 0.00978581 -0.0439385 0  0  -0.0429227  
0.0114158 0.00977592 -0.0439431 0  0  -0.0429227  
0.0114023 0.0097736 -0.043956 0  0  -0.0429227  
0.011407 0.00977008 -0.0439517 0  0  -0.0429227  
0.0114222 0.00977033 -0.0439426 0  0  -0.0429227  
0.011423 0.00977321 -0.043938 0  0  -0.0429227  
0.0114207 0.00976242 -0.0439271 0  0  -0.0429227  
0.0114312 0.00974678 -0.0439264 0  0  -0.0429227  
0.0114362 0.00974788 -0.0439465 0  0  -0.0429227  
0.0114276 0.00974681 -0.0439469 0  0  -0.0429227  
0.0114215 0.00974605 -0.0439389 0  0  -0.0429227  
0.0114357 0.00974344 -0.043918 0  0  -0.0429227  
0.0114292 0.00975136 -0.0439142 0  0  -0.0429227  
0.0114246 0.00976346 -0.0439252 0  0  -0.0429227  
0.0114278 0.0097827 -0.0439142 0  0  -0.0429227  
0.0114374 0.00978878 -0.0439164 0  0  -0.0429227  
0.01144 0.00978731 -0.0439109 0  0  -0.0429227  
0.0114212 0.00978809 -0.04388 0  0  -0.0429227  
0.0114139 0.00978474 -0.0438826 0  0  -0.0429227  
0.0114305 0.00978341 -0.0438884 0  0  -0.0429227  
0.0114327 0.00978624 -0.0438914 0  0  -0.0429227  
0.0114435 0.0097968 -0.0438947 0  0  -0.0429227  
0.0114562 0.00979173 -0.0439057 0  0  -0.0429227  
0.011447 0.00978417 -0.0439093 0  0  -0.0429227  
0.0114422 0.00977524 -0.0439174 0  0  -0.0429227  
0.0114306 0.00977515 -0.043908 0  0  -0.0429227  
0.0114421 0.00977306 -0.0439094 0  0  -0.0429227  
0.0114611 0.00977468 -0.0438983 0  0  -0.0429227  
0.011455 0.00979263 -0.0439145 0  0  -0.0429227  
0.0114323 0.00978859 -0.0439037 0  0  -0.0429227  
0.0114144 0.00977632 -0.043891 0  0  -0.0429227  
0.0114094 0.00977859 -0.0438936 0  0  -0.0429227  
0.0114074 0.00979325 -0.0438877 0  0  -0.0429227  
0.0114147 0.00979143 -0.043875 0  0  -0.0429227  
0.011423 0.00978781 -0.0438837 0  0  -0.0429227  
0.0114329 0.00979873 -0.0438816 0  0  -0.0429227  
0.0114445 0.00980557 -0.0438796 0  0  -0.0429227  
0.0114445 0.00980914 -0.0438867 0  0  -0.0429227  
0.0114555 0.00980881 -0.0438976 0  0  -0.0429227  
0.0114578 0.00978831 -0.0438838 0  0  -0.0429227  
0.0114578 0.00978841 -0.0438952 0  0  -0.0429227  
0.0114593 0.00979524 -0.0439066 0  0  -0.0429227  
0.0114469 0.00979293 -0.0439196 0  0  -0.0429227  
0.0114542 0.00979197 -0.0439207 0  0  -0.0429227  
